3.000000000000000000e+03
3.037698863793353667e+03
3.075396239300115667e+03
3.113090638292449057e+03
3.150780572660024973e+03
3.188464554468769620e+03
3.226141096019607176e+03
3.263808709907189495e+03
3.301465909078617187e+03
3.339111206892147038e+03
3.376743117175880343e+03
3.414360154286434863e+03
3.451960833167596320e+03
3.489543669408945334e+03
3.527107179304459351e+03
3.564649879911085918e+03
3.602170289107289136e+03
3.639666925651559723e+03
3.677138309240890067e+03
3.714582960569218358e+03
3.751999401385825422e+03
3.789386154553695178e+03
3.826741744107828708e+03
3.864064695313512857e+03
3.901353534724542442e+03
3.938606790241385170e+03
3.975822991169301531e+03
4.013000668276403303e+03
4.050138353851656575e+03
4.087234581762823836e+03
4.124287887514347858e+03
4.161296808305161903e+03
4.198259883086442642e+03
4.235175652619287575e+03
4.272042659532327889e+03
4.308859448379254900e+03
4.345624565696287391e+03
4.382336560059543444e+03
4.418993982142348614e+03
4.455595384772444959e+03
4.492139322989129141e+03
4.528624354100293203e+03
4.565049037739381674e+03
4.601411935922253178e+03
4.637711613103951095e+03
4.673946636235375991e+03
4.710115574819856192e+03
4.746217000969631044e+03
4.782249489462209567e+03
4.818211617796643623e+03
4.854101966249684665e+03
4.889919117931828623e+03
4.925661658843257101e+03
4.961328177929654885e+03
4.996917267137920135e+03
5.032427521471749060e+03
5.067857539047102364e+03
5.103205921147553454e+03
5.138471272279504774e+03
5.173652200227274079e+03
5.208747316108067025e+03
5.243755234426802417e+03
5.278674573130806493e+03
5.313503953664379878e+03
5.348242001023214470e+03
5.382887343808683909e+03
5.417438614281975788e+03
5.451894448418093816e+03
5.486253485959705358e+03
5.520514370470837093e+03
5.554675749390436067e+03
5.588736274085754303e+03
5.622694599905596988e+03
5.656549386233408768e+03
5.690299296540193609e+03
5.723942998437280949e+03
5.757479163728927233e+03
5.790906468464750105e+03
5.824223592991995247e+03
5.857429222007634962e+03
5.890522044610292141e+03
5.923500754351993237e+03
5.956364049289749346e+03
5.989110632036945390e+03
6.021739209814564674e+03
6.054248494502227913e+03
6.086637202689038531e+03
6.118904055724256978e+03
6.151047779767774045e+03
6.183067105840404110e+03
6.214960769873980098e+03
6.246727512761254729e+03
6.278366080405614412e+03
6.309875223770581215e+03
6.341253698929127495e+03
6.372500267112784059e+03
6.403613694760539147e+03
6.434592753567545515e+03
6.465436220533605592e+03
6.496142878011456560e+03
6.526711513754838961e+03
6.557140920966355225e+03
6.587429898345113543e+03
6.617577250134148017e+03
6.647581786167632345e+03
6.677442321917858862e+03
6.707157678542005669e+03
6.736726682928675473e+03
6.766148167744203420e+03
6.795420971478746651e+03
6.824543938492138295e+03
6.853515919059505904e+03
6.882335769416666153e+03
6.911002351805273065e+03
6.939514534517738866e+03
6.967871191941911093e+03
6.996071204605510502e+03
7.024113459220320692e+03
7.051996848726146709e+03
7.079720272334515357e+03
7.107282635572131767e+03
7.134682850324091305e+03
7.161919834876829555e+03
7.188992513960835822e+03
7.215899818793095619e+03
7.242640687119284848e+03
7.269214063255712063e+03
7.295618898130986963e+03
7.321854149327440609e+03
7.347918781122280052e+03
7.373811764528469212e+03
7.399532077335359645e+03
7.425078704149043915e+03
7.450450636432435203e+03
7.475646872545092265e+03
7.500666417782757890e+03
7.525508284416622701e+03
7.550171491732331560e+03
7.574655066068687120e+03
7.598958040856098705e+03
7.623079456654735623e+03
7.647018361192403063e+03
7.670773809402140614e+03
7.694344863459528824e+03
7.717730592819713820e+03
7.740930074254142710e+03
7.763942391887011581e+03
7.786766637231426103e+03
7.809401909225259260e+03
7.831847314266731701e+03
7.854101966249684665e+03
7.876164986598563701e+03
7.898035504303104062e+03
7.919712655952714158e+03
7.941195585770564321e+03
7.962483445647370900e+03
7.983575395174875666e+03
8.004470601679027823e+03
8.025168240252850410e+03
8.045667493789013861e+03
8.065967553012090320e+03
8.086067616510499647e+03
8.105966890768150733e+03
8.125664590195770870e+03
8.145159937161914058e+03
8.164452162023661913e+03
8.183540503157012608e+03
8.202424206986939680e+03
8.221102528017154327e+03
8.239574728859521201e+03
8.257840080263182244e+03
8.275897861143337650e+03
8.293747358609718503e+03
8.311387867994730186e+03
8.328818692881266543e+03
8.346039145130207544e+03
8.363048544907582254e+03
8.379846220711415299e+03
8.396431509398225899e+03
8.412803756209217681e+03
8.428962314796117425e+03
8.444906547246700939e+03
8.460635824109973328e+03
8.476149524421016395e+03
8.491447035725504975e+03
8.506527754103886764e+03
8.521391084195221993e+03
8.536036439220688408e+03
8.550463241006747921e+03
8.564670920007967652e+03
8.578658915329509909e+03
8.592426674749265658e+03
8.605973654739671474e+03
8.619299320489153615e+03
8.632403145923244665e+03
8.645284613725354575e+03
8.657943215357187000e+03
8.670378451078828220e+03
8.682589829968466802e+03
8.694576869941767654e+03
8.706339097770920489e+03
8.717876049103313562e+03
8.729187268479858176e+03
8.740272309352982120e+03
8.751130734104255680e+03
8.761762114061659304e+03
8.772166029516516573e+03
8.782342069740057923e+03
8.792289832999642385e+03
8.802008926574610086e+03
8.811498966771785490e+03
8.820759578940635038e+03
8.829790397488042800e+03
8.838591065892758706e+03
8.847161236719462977e+03
8.855500571632484935e+03
8.863608741409159848e+03
8.871485425952832884e+03
8.879130314305481079e+03
8.886543104660004246e+03
8.893723504372132084e+03
8.900671229971978391e+03
8.907386007175231498e+03
8.913867570893988159e+03
8.920115665247209108e+03
8.926130043570825364e+03
8.931910468427484375e+03
8.937456711615905078e+03
8.942768554179907369e+03
8.947845786417039562e+03
8.952688207886867531e+03
8.957295627418881850e+03
8.961667863120050242e+03
8.965804742381993492e+03
8.969706101887801196e+03
8.973371787618480084e+03
8.976801654859034898e+03
8.979995568204180017e+03
8.982953401563683656e+03
8.985675038167351886e+03
8.988160370569628867e+03
8.990409300653849641e+03
8.992421739636105485e+03
8.994197608068749105e+03
8.995736835843534209e+03
8.997039362194389469e+03
8.998105135699799575e+03
8.998934114284853422e+03
8.999526265222895745e+03
8.999881565136822246e+03
9.000000000000000000e+03
8.999881565136822246e+03
8.999526265222895745e+03
8.998934114284853422e+03
8.998105135699799575e+03
8.997039362194389469e+03
8.995736835843534209e+03
8.994197608068749105e+03
8.992421739636105485e+03
8.990409300653849641e+03
8.988160370569628867e+03
8.985675038167351886e+03
8.982953401563683656e+03
8.979995568204180017e+03
8.976801654859034898e+03
8.973371787618480084e+03
8.969706101887801196e+03
8.965804742381993492e+03
8.961667863120050242e+03
8.957295627418881850e+03
8.952688207886865712e+03
8.947845786417039562e+03
8.942768554179907369e+03
8.937456711615905078e+03
8.931910468427482556e+03
8.926130043570825364e+03
8.920115665247209108e+03
8.913867570893988159e+03
8.907386007175231498e+03
8.900671229971978391e+03
8.893723504372132084e+03
8.886543104660004246e+03
8.879130314305481079e+03
8.871485425952832884e+03
8.863608741409159848e+03
8.855500571632484935e+03
8.847161236719462977e+03
8.838591065892760525e+03
8.829790397488042800e+03
8.820759578940635038e+03
8.811498966771785490e+03
8.802008926574610086e+03
8.792289832999642385e+03
8.782342069740057923e+03
8.772166029516516573e+03
8.761762114061657485e+03
8.751130734104255680e+03
8.740272309352982120e+03
8.729187268479858176e+03
8.717876049103313562e+03
8.706339097770922308e+03
8.694576869941767654e+03
8.682589829968464983e+03
8.670378451078828220e+03
8.657943215357187000e+03
8.645284613725352756e+03
8.632403145923244665e+03
8.619299320489153615e+03
8.605973654739671474e+03
8.592426674749265658e+03
8.578658915329508091e+03
8.564670920007967652e+03
8.550463241006747921e+03
8.536036439220688408e+03
8.521391084195221993e+03
8.506527754103886764e+03
8.491447035725504975e+03
8.476149524421016395e+03
8.460635824109973328e+03
8.444906547246700939e+03
8.428962314796117425e+03
8.412803756209217681e+03
8.396431509398225899e+03
8.379846220711417118e+03
8.363048544907582254e+03
8.346039145130207544e+03
8.328818692881268362e+03
8.311387867994730186e+03
8.293747358609718503e+03
8.275897861143337650e+03
8.257840080263180425e+03
8.239574728859521201e+03
8.221102528017152508e+03
8.202424206986939680e+03
8.183540503157012608e+03
8.164452162023661913e+03
8.145159937161913149e+03
8.125664590195770870e+03
8.105966890768150733e+03
8.086067616510499647e+03
8.065967553012089411e+03
8.045667493789014770e+03
8.025168240252850410e+03
8.004470601679027823e+03
7.983575395174875666e+03
7.962483445647369990e+03
7.941195585770565231e+03
7.919712655952713249e+03
7.898035504303104062e+03
7.876164986598564610e+03
7.854101966249684665e+03
7.831847314266731701e+03
7.809401909225259260e+03
7.786766637231426103e+03
7.763942391887011581e+03
7.740930074254141800e+03
7.717730592819713820e+03
7.694344863459527005e+03
7.670773809402140614e+03
7.647018361192403063e+03
7.623079456654735623e+03
7.598958040856098705e+03
7.574655066068686210e+03
7.550171491732330651e+03
7.525508284416623610e+03
7.500666417782756071e+03
7.475646872545093174e+03
7.450450636432435203e+03
7.425078704149043915e+03
7.399532077335360555e+03
7.373811764528468302e+03
7.347918781122281871e+03
7.321854149327440609e+03
7.295618898130987873e+03
7.269214063255712972e+03
7.242640687119285758e+03
7.215899818793095619e+03
7.188992513960836732e+03
7.161919834876829555e+03
7.134682850324090396e+03
7.107282635572130857e+03
7.079720272334516267e+03
7.051996848726144890e+03
7.024113459220320692e+03
6.996071204605510502e+03
6.967871191941911093e+03
6.939514534517738866e+03
6.911002351805272156e+03
6.882335769416665244e+03
6.853515919059507723e+03
6.824543938492137386e+03
6.795420971478746651e+03
6.766148167744203420e+03
6.736726682928675473e+03
6.707157678542005669e+03
6.677442321917858862e+03
6.647581786167631435e+03
6.617577250134147107e+03
6.587429898345114452e+03
6.557140920966356134e+03
6.526711513754838961e+03
6.496142878011456560e+03
6.465436220533605592e+03
6.434592753567544605e+03
6.403613694760538237e+03
6.372500267112784968e+03
6.341253698929127495e+03
6.309875223770579396e+03
6.278366080405615321e+03
6.246727512761255639e+03
6.214960769873977370e+03
6.183067105840404110e+03
6.151047779767774045e+03
6.118904055724258797e+03
6.086637202689038531e+03
6.054248494502226094e+03
6.021739209814565584e+03
5.989110632036945390e+03
5.956364049289747527e+03
5.923500754351994146e+03
5.890522044610291232e+03
5.857429222007636781e+03
5.824223592991994337e+03
5.790906468464749196e+03
5.757479163728927233e+03
5.723942998437280949e+03
5.690299296540193609e+03
5.656549386233409678e+03
5.622694599905596988e+03
5.588736274085753394e+03
5.554675749390436977e+03
5.520514370470837093e+03
5.486253485959703539e+03
5.451894448418094726e+03
5.417438614281976697e+03
5.382887343808681180e+03
5.348242001023214470e+03
5.313503953664378969e+03
5.278674573130808312e+03
5.243755234426801508e+03
5.208747316108067025e+03
5.173652200227274989e+03
5.138471272279504774e+03
5.103205921147551635e+03
5.067857539047102364e+03
5.032427521471748150e+03
4.996917267137921954e+03
4.961328177929653975e+03
4.925661658843255282e+03
4.889919117931829533e+03
4.854101966249685574e+03
4.818211617796644532e+03
4.782249489462209567e+03
4.746217000969631044e+03
4.710115574819856192e+03
4.673946636235377809e+03
4.637711613103950185e+03
4.601411935922251359e+03
4.565049037739382584e+03
4.528624354100293203e+03
4.492139322989126413e+03
4.455595384772444959e+03
4.418993982142347704e+03
4.382336560059545263e+03
4.345624565696285572e+03
4.308859448379253990e+03
4.272042659532328798e+03
4.235175652619288485e+03
4.198259883086439913e+03
4.161296808305161903e+03
4.124287887514346949e+03
4.087234581762826110e+03
4.050138353851655211e+03
4.013000668276401939e+03
3.975822991169302441e+03
3.938606790241386079e+03
3.901353534724542442e+03
3.864064695313512857e+03
3.826741744107828254e+03
3.789386154553694269e+03
3.751999401385827241e+03
3.714582960569216993e+03
3.677138309240888702e+03
3.639666925651560177e+03
3.602170289107290046e+03
3.564649879911083190e+03
3.527107179304458896e+03
3.489543669408944879e+03
3.451960833167598139e+03
3.414360154286433499e+03
3.376743117175878979e+03
3.339111206892147948e+03
3.301465909078618097e+03
3.263808709907187222e+03
3.226141096019607176e+03
3.188464554468769620e+03
3.150780572660026792e+03
3.113090638292448148e+03
3.075396239300114303e+03
3.037698863793354576e+03
3.000000000000000909e+03
2.962301136206644060e+03
2.924603760699884333e+03
2.886909361707550488e+03
2.849219427339974573e+03
2.811535445531232199e+03
2.773858903980391460e+03
2.736191290092809140e+03
2.698534090921383722e+03
2.660888793107853417e+03
2.623256882824117383e+03
2.585639845713565137e+03
2.548039166832403225e+03
2.510456330591056485e+03
2.472892820695539740e+03
2.435350120088912718e+03
2.397829710892711773e+03
2.360333074348441187e+03
2.322861690759107660e+03
2.285417039430781642e+03
2.248000598614174123e+03
2.210613845446307096e+03
2.173258255892170837e+03
2.135935304686485779e+03
2.098646465275458922e+03
2.061393209758615740e+03
2.024177008830696195e+03
1.986999331723596924e+03
1.949861646148343425e+03
1.912765418237175254e+03
1.875712112485653961e+03
1.838703191694837187e+03
1.801740116913556449e+03
1.764824347380712879e+03
1.727957340467672793e+03
1.691140551620742372e+03
1.654375434303712836e+03
1.617663439940456101e+03
1.581006017857653660e+03
1.544404615227554359e+03
1.507860677010869949e+03
1.471375645899707933e+03
1.434950962260619008e+03
1.398588064077744320e+03
1.362288386896048678e+03
1.326053363764624237e+03
1.289884425180145399e+03
1.253782999030368046e+03
1.217750510537789523e+03
1.181788382203357287e+03
1.145898033750316245e+03
1.110080882068169103e+03
1.074338341156743127e+03
1.038671822070344888e+03
1.003082732862079638e+03
9.675724785282534413e+02
9.321424609528967267e+02
8.967940788524447271e+02
8.615287277204965903e+02
8.263477997727263755e+02
7.912526838919302463e+02
7.562447655731971281e+02
7.213254268691930520e+02
6.864960463356223954e+02
6.517579989767846200e+02
6.171126561913151818e+02
5.825613857180246669e+02
5.481055515819066386e+02
5.137465140402932775e+02
4.794856295291624519e+02
4.453242506095639328e+02
4.112637259142484254e+02
3.773054000944016479e+02
3.434506137665898677e+02
3.097007034598077553e+02
2.760570015627199609e+02
2.425208362710709480e+02
2.090935315352498947e+02
1.757764070080047532e+02
1.425707779923650378e+02
1.094779553897078586e+02
7.649924564800539883e+01
4.363595071024928984e+01
1.088936796305597454e+01
-2.173920981456467416e+01
-5.424849450222973246e+01
-8.663720268903853139e+01
-1.189040557242574323e+02
-1.510477797677722265e+02
-1.830671058404050200e+02
-2.149607698739805528e+02
-2.467275127612538199e+02
-2.783660804056139568e+02
-3.098752237705830339e+02
-3.412536989291274949e+02
-3.725002671127836038e+02
-4.036136947605373280e+02
-4.345927535675459694e+02
-4.654362205336065017e+02
-4.961428780114551955e+02
-5.267115137548380517e+02
-5.571409209663574984e+02
-5.874298983451130880e+02
-6.175772501341480165e+02
-6.475817861676327993e+02
-6.774423219178597719e+02
-7.071576785420065789e+02
-7.367266829286759275e+02
-7.661481677442020555e+02
-7.954209714787457415e+02
-8.245439384921396595e+02
-8.535159190595063592e+02
-8.823357694166661531e+02
-9.110023518052707914e+02
-9.395145345177393210e+02
-9.678711919419124570e+02
-9.960712046055086830e+02
-1.024113459220319328e+03
-1.051996848726148073e+03
-1.079720272334515357e+03
-1.107282635572132676e+03
-1.134682850324089486e+03
-1.161919834876830464e+03
-1.188992513960836732e+03
-1.215899818793094710e+03
-1.242640687119284848e+03
-1.269214063255712972e+03
-1.295618898130986963e+03
-1.321854149327440609e+03
-1.347918781122280052e+03
-1.373811764528470121e+03
-1.399532077335360555e+03
-1.425078704149043915e+03
-1.450450636432434294e+03
-1.475646872545094084e+03
-1.500666417782758799e+03
-1.525508284416622701e+03
-1.550171491732328832e+03
-1.574655066068687120e+03
-1.598958040856101434e+03
-1.623079456654736532e+03
-1.647018361192402153e+03
-1.670773809402137886e+03
-1.694344863459528824e+03
-1.717730592819714730e+03
-1.740930074254142710e+03
-1.763942391887010672e+03
-1.786766637231427012e+03
-1.809401909225258350e+03
-1.831847314266732610e+03
-1.854101966249683755e+03
-1.876164986598564610e+03
-1.898035504303104062e+03
-1.919712655952712339e+03
-1.941195585770564321e+03
-1.962483445647372719e+03
-1.983575395174875666e+03
-2.004470601679026004e+03
-2.025168240252851319e+03
-2.045667493789013861e+03
-2.065967553012092139e+03
-2.086067616510499647e+03
-2.105966890768149824e+03
-2.125664590195770870e+03
-2.145159937161914968e+03
-2.164452162023662822e+03
-2.183540503157011699e+03
-2.202424206986937861e+03
-2.221102528017153418e+03
-2.239574728859522111e+03
-2.257840080263181335e+03
-2.275897861143336740e+03
-2.293747358609719413e+03
-2.311387867994731096e+03
-2.328818692881267452e+03
-2.346039145130206634e+03
-2.363048544907583164e+03
-2.379846220711415299e+03
-2.396431509398224989e+03
-2.412803756209216772e+03
-2.428962314796119244e+03
-2.444906547246701848e+03
-2.460635824109973328e+03
-2.476149524421017304e+03
-2.491447035725504975e+03
-2.506527754103887673e+03
-2.521391084195221993e+03
-2.536036439220688408e+03
-2.550463241006747921e+03
-2.564670920007968562e+03
-2.578658915329509000e+03
-2.592426674749264748e+03
-2.605973654739670565e+03
-2.619299320489153615e+03
-2.632403145923244665e+03
-2.645284613725352756e+03
-2.657943215357186091e+03
-2.670378451078829130e+03
-2.682589829968464983e+03
-2.694576869941768564e+03
-2.706339097770921398e+03
-2.717876049103313562e+03
-2.729187268479857266e+03
-2.740272309352982120e+03
-2.751130734104255680e+03
-2.761762114061659304e+03
-2.772166029516515664e+03
-2.782342069740057923e+03
-2.792289832999644204e+03
-2.802008926574610086e+03
-2.811498966771787309e+03
-2.820759578940635038e+03
-2.829790397488042800e+03
-2.838591065892759616e+03
-2.847161236719462977e+03
-2.855500571632484935e+03
-2.863608741409159848e+03
-2.871485425952831974e+03
-2.879130314305481079e+03
-2.886543104660005156e+03
-2.893723504372132084e+03
-2.900671229971977482e+03
-2.907386007175232407e+03
-2.913867570893987249e+03
-2.920115665247209108e+03
-2.926130043570826274e+03
-2.931910468427484375e+03
-2.937456711615905988e+03
-2.942768554179907369e+03
-2.947845786417039562e+03
-2.952688207886867531e+03
-2.957295627418881850e+03
-2.961667863120050242e+03
-2.965804742381993492e+03
-2.969706101887801196e+03
-2.973371787618480084e+03
-2.976801654859034898e+03
-2.979995568204179108e+03
-2.982953401563683656e+03
-2.985675038167350976e+03
-2.988160370569629777e+03
-2.990409300653850551e+03
-2.992421739636104576e+03
-2.994197608068748195e+03
-2.995736835843536028e+03
-2.997039362194389469e+03
-2.998105135699799575e+03
-2.998934114284853422e+03
-2.999526265222896654e+03
-2.999881565136822246e+03
-3.000000000000000000e+03
-2.999881565136822246e+03
-2.999526265222896654e+03
-2.998934114284853422e+03
-2.998105135699799575e+03
-2.997039362194388559e+03
-2.995736835843535118e+03
-2.994197608068748195e+03
-2.992421739636104576e+03
-2.990409300653850551e+03
-2.988160370569629777e+03
-2.985675038167350976e+03
-2.982953401563683656e+03
-2.979995568204179108e+03
-2.976801654859033988e+03
-2.973371787618480084e+03
-2.969706101887801196e+03
-2.965804742381993492e+03
-2.961667863120050242e+03
-2.957295627418881850e+03
-2.952688207886867531e+03
-2.947845786417039562e+03
-2.942768554179907369e+03
-2.937456711615905988e+03
-2.931910468427483465e+03
-2.926130043570826274e+03
-2.920115665247208199e+03
-2.913867570893988159e+03
-2.907386007175232407e+03
-2.900671229971978391e+03
-2.893723504372132084e+03
-2.886543104660004246e+03
-2.879130314305481988e+03
-2.871485425952831974e+03
-2.863608741409160757e+03
-2.855500571632484025e+03
-2.847161236719462977e+03
-2.838591065892759616e+03
-2.829790397488043709e+03
-2.820759578940634128e+03
-2.811498966771786399e+03
-2.802008926574610996e+03
-2.792289832999642385e+03
-2.782342069740057923e+03
-2.772166029516514755e+03
-2.761762114061658394e+03
-2.751130734104256589e+03
-2.740272309352983029e+03
-2.729187268479858176e+03
-2.717876049103312653e+03
-2.706339097770922308e+03
-2.694576869941768564e+03
-2.682589829968465892e+03
-2.670378451078828220e+03
-2.657943215357186091e+03
-2.645284613725351846e+03
-2.632403145923244665e+03
-2.619299320489154525e+03
-2.605973654739672384e+03
-2.592426674749266567e+03
-2.578658915329509000e+03
-2.564670920007965833e+03
-2.550463241006747012e+03
-2.536036439220688408e+03
-2.521391084195221083e+03
-2.506527754103886764e+03
-2.491447035725505884e+03
-2.476149524421018214e+03
-2.460635824109974237e+03
-2.444906547246700939e+03
-2.428962314796114697e+03
-2.412803756209215862e+03
-2.396431509398225899e+03
-2.379846220711416208e+03
-2.363048544907582254e+03
-2.346039145130207544e+03
-2.328818692881269271e+03
-2.311387867994731096e+03
-2.293747358609718503e+03
-2.275897861143337650e+03
-2.257840080263180425e+03
-2.239574728859521201e+03
-2.221102528017155237e+03
-2.202424206986939680e+03
-2.183540503157012608e+03
-2.164452162023663732e+03
-2.145159937161911330e+03
-2.125664590195769961e+03
-2.105966890768150733e+03
-2.086067616510497828e+03
-2.065967553012089411e+03
-2.045667493789015680e+03
-2.025168240252852229e+03
-2.004470601679027823e+03
-1.983575395174874757e+03
-1.962483445647367262e+03
-1.941195585770562502e+03
-1.919712655952713249e+03
-1.898035504303104972e+03
-1.876164986598562791e+03
-1.854101966249685574e+03
-1.831847314266733520e+03
-1.809401909225260169e+03
-1.786766637231424284e+03
-1.763942391887012491e+03
-1.740930074254140891e+03
-1.717730592819712911e+03
-1.694344863459529734e+03
-1.670773809402139705e+03
-1.647018361192403972e+03
-1.623079456654737442e+03
-1.598958040856095977e+03
-1.574655066068685301e+03
-1.550171491732331560e+03
-1.525508284416620882e+03
-1.500666417782756980e+03
-1.475646872545094084e+03
-1.450450636432437932e+03
-1.425078704149043915e+03
-1.399532077335358736e+03
-1.373811764528465574e+03
-1.347918781122278233e+03
-1.321854149327440609e+03
-1.295618898130988782e+03
-1.269214063255711153e+03
-1.242640687119285758e+03
-1.215899818793097438e+03
-1.188992513960836732e+03
-1.161919834876828645e+03
-1.134682850324091305e+03
-1.107282635572129948e+03
-1.079720272334514902e+03
-1.051996848726148073e+03
-1.024113459220319328e+03
-9.960712046055105020e+02
-9.678711919419138212e+02
-9.395145345177352283e+02
-9.110023518052707914e+02
-8.823357694166661531e+02
-8.535159190595040855e+02
-8.245439384921378405e+02
-7.954209714787480152e+02
-7.661481677442061482e+02
-7.367266829286759275e+02
-7.071576785420047599e+02
-6.774423219178547697e+02
-6.475817861676300708e+02
-6.175772501341480165e+02
-5.874298983451149070e+02
-5.571409209663547699e+02
-5.267115137548403254e+02
-4.961428780114592882e+02
-4.654362205336065017e+02
-4.345927535675432409e+02
-4.036136947605391470e+02
-3.725002671127813301e+02
-3.412536989291274949e+02
-3.098752237705830339e+02
-2.783660804056135021e+02
-2.467275127612560937e+02
-2.149607698739828265e+02
-1.830671058404004725e+02
-1.510477797677722265e+02
-1.189040557242565228e+02
-8.663720268903580290e+01
-5.424849450222745872e+01
-2.173920981456603840e+01
1.088936796305142707e+01
4.363595071024974459e+01
7.649924564800812732e+01
1.094779553897128608e+02
1.425707779923677663e+02
1.757764070080047532e+02
2.090935315352480757e+02
2.425208362710736765e+02
2.760570015627181419e+02
3.097007034598027531e+02
3.434506137665898677e+02
3.773054000944048312e+02
4.112637259142461517e+02
4.453242506095666613e+02
4.794856295291629067e+02
5.137465140402932775e+02
5.481055515819066386e+02
5.825613857180228479e+02
6.171126561913129080e+02
6.517579989767896222e+02
6.864960463356233049e+02
7.213254268691935067e+02
7.562447655732003113e+02
7.912526838919329748e+02
8.263477997727241018e+02
8.615287277204920429e+02
8.967940788524447271e+02
9.321424609528994552e+02
9.675724785282563971e+02
1.003082732862082594e+03
1.038671822070345570e+03
1.074338341156741080e+03
1.110080882068172059e+03
1.145898033750313971e+03
1.181788382203352739e+03
1.217750510537789751e+03
1.253782999030371002e+03
1.289884425180143126e+03
1.326053363764627420e+03
1.362288386896049133e+03
1.398588064077745003e+03
1.434950962260619463e+03
1.471375645899705660e+03
1.507860677010867903e+03
1.544404615227560043e+03
1.581006017857654342e+03
1.617663439940456556e+03
1.654375434303715792e+03
1.691140551620745555e+03
1.727957340467670520e+03
1.764824347380708105e+03
1.801740116913556903e+03
1.838703191694840370e+03
1.875712112485657144e+03
1.912765418237178437e+03
1.949861646148343880e+03
1.986999331723594878e+03
2.024177008830699378e+03
2.061393209758613011e+03
2.098646465275453920e+03
2.135935304686491691e+03
2.173258255892173565e+03
2.210613845446304822e+03
2.248000598614177306e+03
2.285417039430782097e+03
2.322861690759108114e+03
2.360333074348441642e+03
2.397829710892709500e+03
2.435350120088910444e+03
2.472892820695545652e+03
2.510456330591056940e+03
2.548039166832403680e+03
2.585639845713568320e+03
2.623256882824120567e+03
2.660888793107851143e+03
2.698534090921378720e+03
2.736191290092809595e+03
2.773858903980394643e+03
2.811535445531235382e+03
2.849219427339977756e+03
2.886909361707551398e+03
2.924603760699882059e+03
2.962301136206647243e+03
2.999999999999998636e+03
3.037698863793350029e+03
3.075396239300120214e+03
3.113090638292451331e+03
3.150780572660024518e+03
3.188464554468772349e+03
3.226141096019607630e+03
3.263808709907187676e+03
3.301465909078618552e+03
3.339111206892145674e+03
3.376743117175876705e+03
3.414360154286439410e+03
3.451960833167598594e+03
3.489543669408945334e+03
3.527107179304462079e+03
3.564649879911086373e+03
3.602170289107287772e+03
3.639666925651555630e+03
3.677138309240889157e+03
3.714582960569220177e+03
3.751999401385830424e+03
3.789386154553697452e+03
3.826741744107828708e+03
3.864064695313511038e+03
3.901353534724543351e+03
3.938606790241383806e+03
3.975822991169297893e+03
4.013000668276407850e+03
4.050138353851658394e+03
4.087234581762823836e+03
4.124287887514350587e+03
4.161296808305161903e+03
4.198259883086439913e+03
4.235175652619289394e+03
4.272042659532326070e+03
4.308859448379251262e+03
4.345624565696291938e+03
4.382336560059546173e+03
4.418993982142348614e+03
4.455595384772447687e+03
4.492139322989129141e+03
4.528624354100291384e+03
4.565049037739378036e+03
4.601411935922252269e+03
4.637711613103952914e+03
4.673946636235380538e+03
4.710115574819859830e+03
4.746217000969631044e+03
4.782249489462207748e+03
4.818211617796644532e+03
4.854101966249682846e+03
4.889919117931824985e+03
4.925661658843260739e+03
4.961328177929656704e+03
4.996917267137920135e+03
5.032427521471750879e+03
5.067857539047103273e+03
5.103205921147551635e+03
5.138471272279504774e+03
5.173652200227272260e+03
5.208747316108064297e+03
5.243755234426806965e+03
5.278674573130809222e+03
5.313503953664379878e+03
5.348242001023217199e+03
5.382887343808683909e+03
5.417438614281973969e+03
5.451894448418090178e+03
5.486253485959703539e+03
5.520514370470838912e+03
5.554675749390440615e+03
5.588736274085756122e+03
5.622694599905596988e+03
5.656549386233407859e+03
5.690299296540193609e+03
5.723942998437280039e+03
5.757479163728923595e+03
5.790906468464753743e+03
5.824223592991997066e+03
5.857429222007634962e+03
5.890522044610293960e+03
5.923500754351994146e+03
5.956364049289747527e+03
5.989110632036945390e+03
6.021739209814564674e+03
6.054248494502224275e+03
6.086637202689042169e+03
6.118904055724258797e+03
6.151047779767774045e+03
6.183067105840406839e+03
6.214960769873980098e+03
6.246727512761253820e+03
6.278366080405610774e+03
6.309875223770580305e+03
6.341253698929129314e+03
6.372500267112787697e+03
6.403613694760540966e+03
6.434592753567545515e+03
6.465436220533603773e+03
6.496142878011456560e+03
6.526711513754837142e+03
6.557140920966352496e+03
6.587429898345117181e+03
6.617577250134150745e+03
6.647581786167632345e+03
6.677442321917860681e+03
6.707157678542006579e+03
6.736726682928672744e+03
6.766148167744203420e+03
6.795420971478745741e+03
6.824543938492135567e+03
6.853515919059509542e+03
6.882335769416667972e+03
6.911002351805273065e+03
6.939514534517740685e+03
6.967871191941911093e+03
6.996071204605508683e+03
7.024113459220317964e+03
7.051996848726144890e+03
7.079720272334516267e+03
7.107282635572135405e+03
7.134682850324092215e+03
7.161919834876829555e+03
7.188992513960834003e+03
7.215899818793095619e+03
7.242640687119283939e+03
7.269214063255708425e+03
7.295618898130989692e+03
7.321854149327443338e+03
7.347918781122280052e+03
7.373811764528471031e+03
7.399532077335360555e+03
7.425078704149042096e+03
7.450450636432436113e+03
7.475646872545092265e+03
7.500666417782757890e+03
7.525508284416626338e+03
7.550171491732332470e+03
7.574655066068687120e+03
7.598958040856101434e+03
7.623079456654735623e+03
7.647018361192401244e+03
7.670773809402137886e+03
7.694344863459527915e+03
7.717730592819713820e+03
7.740930074254145438e+03
7.763942391887013400e+03
7.786766637231426103e+03
7.809401909225257441e+03
7.831847314266731701e+03
7.854101966249683755e+03
7.876164986598560972e+03
7.898035504303105881e+03
7.919712655952715068e+03
7.941195585770564321e+03
7.962483445647372719e+03
7.983575395174875666e+03
8.004470601679026004e+03
8.025168240252850410e+03
8.045667493789013861e+03
8.065967553012091230e+03
8.086067616510502376e+03
8.105966890768152552e+03
8.125664590195770870e+03
8.145159937161914968e+03
8.164452162023661913e+03
8.183540503157010789e+03
8.202424206986937861e+03
8.221102528017152508e+03
8.239574728859521201e+03
8.257840080263184063e+03
8.275897861143337650e+03
8.293747358609718503e+03
8.311387867994730186e+03
8.328818692881268362e+03
8.346039145130205725e+03
8.363048544907580435e+03
8.379846220711417118e+03
8.396431509398225899e+03
8.412803756209217681e+03
8.428962314796117425e+03
8.444906547246700939e+03
8.460635824109973328e+03
8.476149524421016395e+03
8.491447035725504975e+03
8.506527754103888583e+03
8.521391084195223812e+03
8.536036439220690227e+03
8.550463241006747921e+03
8.564670920007967652e+03
8.578658915329509909e+03
8.592426674749265658e+03
8.605973654739671474e+03
8.619299320489153615e+03
8.632403145923244665e+03
8.645284613725354575e+03
8.657943215357187000e+03
8.670378451078828220e+03
8.682589829968464983e+03
8.694576869941767654e+03
8.706339097770920489e+03
8.717876049103311743e+03
8.729187268479858176e+03
8.740272309352982120e+03
8.751130734104255680e+03
8.761762114061659304e+03
8.772166029516516573e+03
8.782342069740057923e+03
8.792289832999642385e+03
8.802008926574610086e+03
8.811498966771787309e+03
8.820759578940636857e+03
8.829790397488042800e+03
8.838591065892758706e+03
8.847161236719462977e+03
8.855500571632484935e+03
8.863608741409159848e+03
8.871485425952832884e+03
8.879130314305481079e+03
8.886543104660004246e+03
8.893723504372133903e+03
8.900671229971978391e+03
8.907386007175231498e+03
8.913867570893988159e+03
8.920115665247209108e+03
8.926130043570825364e+03
8.931910468427482556e+03
8.937456711615905078e+03
8.942768554179907369e+03
8.947845786417039562e+03
8.952688207886867531e+03
8.957295627418881850e+03
8.961667863120050242e+03
8.965804742381993492e+03
8.969706101887801196e+03
8.973371787618480084e+03
8.976801654859034898e+03
8.979995568204180017e+03
8.982953401563683656e+03
8.985675038167351886e+03
8.988160370569628867e+03
8.990409300653849641e+03
8.992421739636105485e+03
8.994197608068749105e+03
8.995736835843534209e+03
8.997039362194389469e+03
8.998105135699799575e+03
8.998934114284853422e+03
8.999526265222895745e+03
8.999881565136822246e+03
9.000000000000000000e+03
8.999881565136822246e+03
8.999526265222895745e+03
8.998934114284853422e+03
8.998105135699799575e+03
8.997039362194387650e+03
8.995736835843534209e+03
8.994197608068749105e+03
8.992421739636105485e+03
8.990409300653849641e+03
8.988160370569628867e+03
8.985675038167351886e+03
8.982953401563683656e+03
8.979995568204180017e+03
8.976801654859034898e+03
8.973371787618480084e+03
8.969706101887801196e+03
8.965804742381993492e+03
8.961667863120048423e+03
8.957295627418881850e+03
8.952688207886865712e+03
8.947845786417037743e+03
8.942768554179907369e+03
8.937456711615905078e+03
8.931910468427486194e+03
8.926130043570827183e+03
8.920115665247209108e+03
8.913867570893988159e+03
8.907386007175231498e+03
8.900671229971976572e+03
8.893723504372132084e+03
8.886543104660004246e+03
8.879130314305482898e+03
8.871485425952832884e+03
8.863608741409163486e+03
8.855500571632484935e+03
8.847161236719462977e+03
8.838591065892760525e+03
8.829790397488042800e+03
8.820759578940633219e+03
8.811498966771785490e+03
8.802008926574610086e+03
8.792289832999644204e+03
8.782342069740057923e+03
8.772166029516514755e+03
8.761762114061657485e+03
8.751130734104255680e+03
8.740272309352982120e+03
8.729187268479858176e+03
8.717876049103313562e+03
8.706339097770922308e+03
8.694576869941767654e+03
8.682589829968464983e+03
8.670378451078828220e+03
8.657943215357187000e+03
8.645284613725354575e+03
8.632403145923246484e+03
8.619299320489153615e+03
8.605973654739671474e+03
8.592426674749265658e+03
8.578658915329506272e+03
8.564670920007965833e+03
8.550463241006747921e+03
8.536036439220690227e+03
8.521391084195223812e+03
8.506527754103888583e+03
8.491447035725504975e+03
8.476149524421016395e+03
8.460635824109973328e+03
8.444906547246697301e+03
8.428962314796115606e+03
8.412803756209217681e+03
8.396431509398225899e+03
8.379846220711417118e+03
8.363048544907585892e+03
8.346039145130205725e+03
8.328818692881266543e+03
8.311387867994730186e+03
8.293747358609716684e+03
8.275897861143334012e+03
8.257840080263180425e+03
8.239574728859521201e+03
8.221102528017156146e+03
8.202424206986943318e+03
8.183540503157015337e+03
8.164452162023661003e+03
8.145159937161914058e+03
8.125664590195772689e+03
8.105966890768148005e+03
8.086067616510497828e+03
8.065967553012090320e+03
8.045667493789015680e+03
8.025168240252852229e+03
8.004470601679025094e+03
7.983575395174875666e+03
7.962483445647371809e+03
7.941195585770567050e+03
7.919712655952710520e+03
7.898035504303102243e+03
7.876164986598563701e+03
7.854101966249686484e+03
7.831847314266733520e+03
7.809401909225257441e+03
7.786766637231425193e+03
7.763942391887012491e+03
7.740930074254143619e+03
7.717730592819716549e+03
7.694344863459527005e+03
7.670773809402139705e+03
7.647018361192403972e+03
7.623079456654731075e+03
7.598958040856095977e+03
7.574655066068686210e+03
7.550171491732331560e+03
7.525508284416624520e+03
7.500666417782760618e+03
7.475646872545090446e+03
7.450450636432434294e+03
7.425078704149043915e+03
7.399532077335356007e+03
7.373811764528465574e+03
7.347918781122279142e+03
7.321854149327441519e+03
7.295618898130988782e+03
7.269214063255715701e+03
7.242640687119291215e+03
7.215899818793094710e+03
7.188992513960836732e+03
7.161919834876825007e+03
7.134682850324087667e+03
7.107282635572129948e+03
7.079720272334515357e+03
7.051996848726148528e+03
7.024113459220323421e+03
6.996071204605515959e+03
6.967871191941910183e+03
6.939514534517739776e+03
6.911002351805274884e+03
6.882335769416662515e+03
6.853515919059504085e+03
6.824543938492138295e+03
6.795420971478748470e+03
6.766148167744206148e+03
6.736726682928671835e+03
6.707157678542005669e+03
6.677442321917859772e+03
6.647581786167635073e+03
6.617577250134143469e+03
6.587429898345110814e+03
6.557140920966355225e+03
6.526711513754840780e+03
6.496142878011460198e+03
6.465436220533601954e+03
6.434592753567543696e+03
6.403613694760539147e+03
6.372500267112785878e+03
6.341253698929132952e+03
6.309875223770579396e+03
6.278366080405614412e+03
6.246727512761256548e+03
6.214960769873973732e+03
6.183067105840400473e+03
6.151047779767773136e+03
6.118904055724256978e+03
6.086637202689041260e+03
6.054248494502232461e+03
6.021739209814562855e+03
5.989110632036944480e+03
5.956364049289750255e+03
5.923500754351987780e+03
5.890522044610288503e+03
5.857429222007633143e+03
5.824223592991995247e+03
5.790906468464752834e+03
5.757479163728930871e+03
5.723942998437278220e+03
5.690299296540192699e+03
5.656549386233410587e+03
5.622694599905591531e+03
5.588736274085749756e+03
5.554675749390433339e+03
5.520514370470838003e+03
5.486253485959707177e+03
5.451894448418099273e+03
5.417438614281982154e+03
5.382887343808682999e+03
5.348242001023215380e+03
5.313503953664382607e+03
5.278674573130801946e+03
5.243755234426800598e+03
5.208747316108067935e+03
5.173652200227275898e+03
5.138471272279508412e+03
5.103205921147550725e+03
5.067857539047101454e+03
5.032427521471749060e+03
4.996917267137922863e+03
4.961328177929650337e+03
4.925661658843254372e+03
4.889919117931828623e+03
4.854101966249686484e+03
4.818211617796638166e+03
4.782249489462205929e+03
4.746217000969629225e+03
4.710115574819858011e+03
4.673946636235378719e+03
4.637711613103956552e+03
4.601411935922250450e+03
4.565049037739381674e+03
4.528624354100295022e+03
4.492139322989122775e+03
4.455595384772440411e+03
4.418993982142346795e+03
4.382336560059544354e+03
4.345624565696290119e+03
4.308859448379260357e+03
4.272042659532325160e+03
4.235175652619287575e+03
4.198259883086443551e+03
4.161296808305154627e+03
4.124287887514343311e+03
4.087234581762822017e+03
4.050138353851656575e+03
4.013000668276406032e+03
3.975822991169306533e+03
3.938606790241392446e+03
3.901353534724541532e+03
3.864064695313514676e+03
3.826741744107821432e+03
3.789386154553690631e+03
3.751999401385823148e+03
3.714582960569218812e+03
3.677138309240892795e+03
3.639666925651564270e+03
3.602170289107296412e+03
3.564649879911085009e+03
3.527107179304460260e+03
3.489543669408948972e+03
3.451960833167591773e+03
3.414360154286432589e+03
3.376743117175880343e+03
3.339111206892149767e+03
3.301465909078622190e+03
3.263808709907185857e+03
3.226141096019605811e+03
3.188464554468770984e+03
3.150780572660028156e+03
3.113090638292444055e+03
3.075396239300112939e+03
3.037698863793353667e+03
3.000000000000002274e+03
2.962301136206639967e+03
2.924603760699880695e+03
2.886909361707549579e+03
2.849219427339975937e+03
2.811535445531233563e+03
2.773858903980398281e+03
2.736191290092807776e+03
2.698534090921382358e+03
2.660888793107854781e+03
2.623256882824113291e+03
2.585639845713561044e+03
2.548039166832401861e+03
2.510456330591055575e+03
2.472892820695543833e+03
2.435350120088919539e+03
2.397829710892707681e+03
2.360333074348439823e+03
2.322861690759111752e+03
2.285417039430775276e+03
2.248000598614170485e+03
2.210613845446303003e+03
2.173258255892172201e+03
2.135935304686489872e+03
2.098646465275463015e+03
2.061393209758611647e+03
2.024177008830697559e+03
1.986999331723598289e+03
1.949861646148337059e+03
1.912765418237171389e+03
1.875712112485650323e+03
1.838703191694838779e+03
1.801740116913560541e+03
1.764824347380716972e+03
1.727957340467679387e+03
1.691140551620743736e+03
1.654375434303714201e+03
1.617663439940459966e+03
1.581006017857647521e+03
1.544404615227553222e+03
1.507860677010871314e+03
1.471375645899709298e+03
1.434950962260623101e+03
1.398588064077743184e+03
1.362288386896047314e+03
1.326053363764625601e+03
1.289884425180146764e+03
1.253782999030364408e+03
1.217750510537788159e+03
1.181788382203355923e+03
1.145898033750317609e+03
1.110080882068165465e+03
1.074338341156739489e+03
1.038671822070343978e+03
1.003082732862081002e+03
9.675724785282548055e+02
9.321424609529030931e+02
8.967940788524433628e+02
8.615287277204956808e+02
8.263477997727177353e+02
7.912526838919266083e+02
7.562447655731934901e+02
7.213254268691921425e+02
6.864960463356214859e+02
6.517579989767882580e+02
6.171126561913210935e+02
5.825613857180214836e+02
5.481055515819052744e+02
5.137465140402969155e+02
4.794856295291565402e+02
4.453242506095602948e+02
4.112637259142443327e+02
3.773054000944030122e+02
3.434506137665935057e+02
3.097007034598113933e+02
2.760570015627263274e+02
2.425208362710723122e+02
2.090935315352512589e+02
1.757764070079983867e+02
1.425707779923613998e+02
1.094779553897069491e+02
7.649924564800630833e+01
4.363595071025292782e+01
1.088936796305915777e+01
-2.173920981456831214e+01
-5.424849450222836822e+01
-8.663720268903716715e+01
-1.189040557242533396e+02
-1.510477797677781382e+02
-1.830671058404063842e+02
-2.149607698739791886e+02
-2.467275127612529104e+02
-2.783660804056107736e+02
-3.098752237705843982e+02
-3.412536989291288592e+02
-3.725002671127822396e+02
-4.036136947605359637e+02
-4.345927535675491526e+02
-4.654362205336078659e+02
-4.961428780114561050e+02
-5.267115137548366874e+02
-5.571409209663602269e+02
-5.874298983451076310e+02
-6.175772501341493808e+02
-6.475817861676314351e+02
-6.774423219178561340e+02
-7.071576785420097622e+02
-7.367266829286768370e+02
-7.661481677442029650e+02
-7.954209714787452867e+02
-8.245439384921432975e+02
-8.535159190595013570e+02
-8.823357694166666079e+02
-9.110023518052721556e+02
-9.395145345177365925e+02
-9.678711919419147307e+02
-9.960712046055114115e+02
-1.024113459220320692e+03
-1.051996848726144890e+03
-1.079720272334519905e+03
-1.107282635572127219e+03
-1.134682850324092215e+03
-1.161919834876836831e+03
-1.188992513960834003e+03
-1.215899818793099257e+03
-1.242640687119287577e+03
-1.269214063255712063e+03
-1.295618898130985144e+03
-1.321854149327445157e+03
-1.347918781122275504e+03
-1.373811764528471031e+03
-1.399532077335366921e+03
-1.425078704149041187e+03
-1.450450636432438841e+03
-1.475646872545087717e+03
-1.500666417782757890e+03
-1.525508284416621791e+03
-1.550171491732328832e+03
-1.574655066068689848e+03
-1.598958040856100524e+03
-1.623079456654741989e+03
-1.647018361192401244e+03
-1.670773809402144252e+03
-1.694344863459524277e+03
-1.717730592819713820e+03
-1.740930074254140891e+03
-1.763942391887009762e+03
-1.786766637231428831e+03
-1.809401909225260169e+03
-1.831847314266731701e+03
-1.854101966249683755e+03
-1.876164986598567339e+03
-1.898035504303099515e+03
-1.919712655952715068e+03
-1.941195585770564321e+03
-1.962483445647369081e+03
-1.983575395174878395e+03
-2.004470601679028732e+03
-2.025168240252850410e+03
-2.045667493789012951e+03
-2.065967553012093958e+03
-2.086067616510495100e+03
-2.105966890768151643e+03
-2.125664590195776327e+03
-2.145159937161912239e+03
-2.164452162023664641e+03
-2.183540503157012608e+03
-2.202424206986940590e+03
-2.221102528017152508e+03
-2.239574728859523930e+03
-2.257840080263178606e+03
-2.275897861143337650e+03
-2.293747358609723960e+03
-2.311387867994730186e+03
-2.328818692881269271e+03
-2.346039145130202996e+03
-2.363048544907582254e+03
-2.379846220711414389e+03
-2.396431509398229537e+03
-2.412803756209214043e+03
-2.428962314796118335e+03
-2.444906547246706396e+03
-2.460635824109972418e+03
-2.476149524421019123e+03
-2.491447035725502246e+03
-2.506527754103887673e+03
-2.521391084195221993e+03
-2.536036439220687498e+03
-2.550463241006749740e+03
-2.564670920007968562e+03
-2.578658915329511728e+03
-2.592426674749264748e+03
-2.605973654739674203e+03
-2.619299320489151796e+03
-2.632403145923244665e+03
-2.645284613725351846e+03
-2.657943215357186091e+03
-2.670378451078830039e+03
-2.682589829968465892e+03
-2.694576869941767654e+03
-2.706339097770920489e+03
-2.717876049103314472e+03
-2.729187268479855447e+03
-2.740272309352983029e+03
-2.751130734104254771e+03
-2.761762114061657485e+03
-2.772166029516516573e+03
-2.782342069740058832e+03
-2.792289832999643295e+03
-2.802008926574610086e+03
-2.811498966771788218e+03
-2.820759578940633219e+03
-2.829790397488043709e+03
-2.838591065892761435e+03
-2.847161236719462067e+03
-2.855500571632484935e+03
-2.863608741409161667e+03
-2.871485425952831974e+03
-2.879130314305480169e+03
-2.886543104660006065e+03
-2.893723504372131174e+03
-2.900671229971978391e+03
-2.907386007175234226e+03
-2.913867570893987249e+03
-2.920115665247209108e+03
-2.926130043570826274e+03
-2.931910468427484375e+03
-2.937456711615905988e+03
-2.942768554179908278e+03
-2.947845786417038653e+03
-2.952688207886867531e+03
-2.957295627418882759e+03
-2.961667863120050242e+03
-2.965804742381994402e+03
-2.969706101887800287e+03
-2.973371787618480084e+03
-2.976801654859033988e+03
-2.979995568204179108e+03
-2.982953401563683656e+03
-2.985675038167350976e+03
-2.988160370569629777e+03
-2.990409300653850551e+03
-2.992421739636105485e+03
-2.994197608068748195e+03
-2.995736835843535118e+03
-2.997039362194389469e+03
-2.998105135699799575e+03
-2.998934114284854331e+03
-2.999526265222896654e+03
-2.999881565136822246e+03
-3.000000000000000000e+03
-2.999881565136822246e+03
-2.999526265222896654e+03
-2.998934114284853422e+03
-2.998105135699799575e+03
-2.997039362194389469e+03
-2.995736835843535118e+03
-2.994197608068748195e+03
-2.992421739636104576e+03
-2.990409300653850551e+03
-2.988160370569628867e+03
-2.985675038167351886e+03
-2.982953401563683656e+03
-2.979995568204178198e+03
-2.976801654859034898e+03
-2.973371787618479175e+03
-2.969706101887800287e+03
-2.965804742381993492e+03
-2.961667863120050242e+03
-2.957295627418881850e+03
-2.952688207886867531e+03
-2.947845786417039562e+03
-2.942768554179905550e+03
-2.937456711615905988e+03
-2.931910468427483465e+03
-2.926130043570827183e+03
-2.920115665247208199e+03
-2.913867570893988159e+03
-2.907386007175231498e+03
-2.900671229971979301e+03
-2.893723504372132084e+03
-2.886543104660002427e+03
-2.879130314305481988e+03
-2.871485425952831974e+03
-2.863608741409162576e+03
-2.855500571632484025e+03
-2.847161236719462977e+03
-2.838591065892760525e+03
-2.829790397488042800e+03
-2.820759578940635038e+03
-2.811498966771784580e+03
-2.802008926574610996e+03
-2.792289832999642385e+03
-2.782342069740060651e+03
-2.772166029516514755e+03
-2.761762114061659304e+03
-2.751130734104256589e+03
-2.740272309352981210e+03
-2.729187268479857266e+03
-2.717876049103313562e+03
-2.706339097770922308e+03
-2.694576869941765835e+03
-2.682589829968467711e+03
-2.670378451078829130e+03
-2.657943215357187000e+03
-2.645284613725353665e+03
-2.632403145923242846e+03
-2.619299320489152706e+03
-2.605973654739672384e+03
-2.592426674749266567e+03
-2.578658915329506272e+03
-2.564670920007970381e+03
-2.550463241006747921e+03
-2.536036439220685679e+03
-2.521391084195223812e+03
-2.506527754103884945e+03
-2.491447035725504975e+03
-2.476149524421016395e+03
-2.460635824109975147e+03
-2.444906547246699120e+03
-2.428962314796120154e+03
-2.412803756209216772e+03
-2.396431509398221351e+03
-2.379846220711416208e+03
-2.363048544907580435e+03
-2.346039145130205725e+03
-2.328818692881266543e+03
-2.311387867994732005e+03
-2.293747358609716684e+03
-2.275897861143340378e+03
-2.257840080263180425e+03
-2.239574728859516654e+03
-2.221102528017155237e+03
-2.202424206986937861e+03
-2.183540503157015337e+03
-2.164452162023661003e+03
-2.145159937161914968e+03
-2.125664590195772689e+03
-2.105966890768148915e+03
-2.086067616510498738e+03
-2.065967553012084863e+03
-2.045667493789016589e+03
-2.025168240252847681e+03
-2.004470601679031461e+03
-1.983575395174875666e+03
-1.962483445647371809e+03
-1.941195585770567050e+03
-1.919712655952711430e+03
-1.898035504303102243e+03
-1.876164986598563701e+03
-1.854101966249686484e+03
-1.831847314266728063e+03
-1.809401909225263807e+03
-1.786766637231425193e+03
-1.763942391887013400e+03
-1.740930074254144529e+03
-1.717730592819711092e+03
-1.694344863459527005e+03
-1.670773809402140614e+03
-1.647018361192403972e+03
-1.623079456654731075e+03
-1.598958040856104162e+03
-1.574655066068686210e+03
-1.550171491732324284e+03
-1.525508284416625429e+03
-1.500666417782754252e+03
-1.475646872545091355e+03
-1.450450636432435203e+03
-1.425078704149044825e+03
-1.399532077335356007e+03
-1.373811764528473759e+03
-1.347918781122279142e+03
-1.321854149327435152e+03
-1.295618898130989692e+03
-1.269214063255708425e+03
-1.242640687119291215e+03
-1.215899818793095619e+03
-1.188992513960837641e+03
-1.161919834876825917e+03
-1.134682850324095853e+03
-1.107282635572130857e+03
-1.079720272334508081e+03
-1.051996848726148983e+03
-1.024113459220316599e+03
-9.960712046055155042e+02
-9.678711919419110927e+02
-9.395145345177397758e+02
-9.110023518052762483e+02
-8.823357694166625151e+02
-8.535159190595049949e+02
-8.245439384921305646e+02
-7.954209714787493795e+02
-7.661481677441988722e+02
-7.367266829286813845e+02
-7.071576785420052147e+02
-6.774423219178602267e+02
-6.475817861676355278e+02
-6.175772501341448333e+02
-5.874298983451117238e+02
-5.571409209663561342e+02
-5.267115137548407802e+02
-4.961428780114520123e+02
-4.654362205336119587e+02
-4.345927535675446052e+02
-4.036136947605405112e+02
-3.725002671127867870e+02
-3.412536989291243117e+02
-3.098752237705798507e+02
-2.783660804056148663e+02
-2.467275127612574579e+02
-2.149607698739750958e+02
-1.830671058404104770e+02
-1.510477797677735907e+02
-1.189040557242487921e+02
-8.663720268904171462e+01
-5.424849450222382075e+01
-2.173920981456285517e+01
1.088936796305506505e+01
4.363595071024883509e+01
7.649924564801131055e+01
1.094779553897019468e+02
1.425707779923664020e+02
1.757764070080129386e+02
2.090935315352467114e+02
2.425208362710773144e+02
2.760570015627213252e+02
3.097007034598063910e+02
3.434506137665885035e+02
3.773054000944080144e+02
4.112637259142493349e+02
4.453242506095652971e+02
4.794856295291710921e+02
5.137465140402923680e+02
5.481055515819102766e+02
5.825613857180169362e+02
6.171126561913165460e+02
6.517579989767837105e+02
6.864960463356169384e+02
7.213254268691971447e+02
7.562447655731989471e+02
7.912526838919416150e+02
8.263477997727227375e+02
8.615287277205006831e+02
8.967940788524383606e+02
9.321424609528985457e+02
9.675724785282500306e+02
1.003082732862076227e+03
1.038671822070349208e+03
1.074338341156744718e+03
1.110080882068170695e+03
1.145898033750312607e+03
1.181788382203361380e+03
1.217750510537783157e+03
1.253782999030369638e+03
1.289884425180151993e+03
1.326053363764620599e+03
1.362288386896052771e+03
1.398588064077748641e+03
1.434950962260618098e+03
1.471375645899704296e+03
1.507860677010876771e+03
1.544404615227548220e+03
1.581006017857652751e+03
1.617663439940465423e+03
1.654375434303709426e+03
1.691140551620749193e+03
1.727957340467674385e+03
1.764824347380711970e+03
1.801740116913555539e+03
1.838703191694844008e+03
1.875712112485645321e+03
1.912765418237177073e+03
1.949861646148353202e+03
1.986999331723593286e+03
2.024177008830703016e+03
2.061393209758606645e+03
2.098646465275457558e+03
2.135935304686484869e+03
2.173258255892177658e+03
2.210613845446308460e+03
2.248000598614175942e+03
2.285417039430791192e+03
2.322861690759106750e+03
2.360333074348445280e+03
2.397829710892702678e+03
2.435350120088914537e+03
2.472892820695538830e+03
2.510456330591050119e+03
2.548039166832407773e+03
2.585639845713566501e+03
2.623256882824129661e+03
2.660888793107849779e+03
2.698534090921387815e+03
2.736191290092802774e+03
2.773858903980393279e+03
2.811535445531228561e+03
2.849219427339970935e+03
2.886909361707555036e+03
2.924603760699886152e+03
2.962301136206645879e+03
