8.309651734206280338e-04
1.754370534484680014e-02
5.236032117433839922e-02
9.494546346983100127e-02
1.413612590185079898e-01
1.897723273124319876e-01
2.392778436089429972e-01
2.894355747177499993e-01
3.400365575659540229e-01
3.909905258542850093e-01
4.422656617856650096e-01
4.938566275983080067e-01
5.457678137725520129e-01
5.980048965721770360e-01
6.505709299840369830e-01
7.034648706243650240e-01
7.566813583066990256e-01
8.102110960928190497e-01
8.640414707550839735e-01
9.181572242915460036e-01
9.725410833685279588e-01
1.027174307139989917e+00
1.082037142723240031e+00
1.137109192201130048e+00
1.192369701562209894e+00
1.247797784121120079e+00
1.303372590792990060e+00
1.359073438349599927e+00
1.414879905131410043e+00
1.470771901994099906e+00
1.526729724703939972e+00
1.582734092641310042e+00
1.638766177540269986e+00
1.694807625072489943e+00
1.750840571354479902e+00
1.806847655886230086e+00
1.862812031989030004e+00
1.918717375478729892e+00
1.974547892060130039e+00
2.030288323745789825e+00
2.085923954470020103e+00
2.141440614975770096e+00
2.196824686988450015e+00
2.252063106649349944e+00
2.307143367156830216e+00
2.362053520550809971e+00
2.416782178571589945e+00
2.471318512527449940e+00
2.525652252110520024e+00
2.579773683112029925e+00
2.633673643996850000e+00
2.687343521310740169e+00
2.740775243906940162e+00
2.793961275988900095e+00
2.846894608980579999e+00
2.899568752245599956e+00
2.951977722688389871e+00
3.004116033279519815e+00
3.055978680557709826e+00
3.107561131167699831e+00
3.158859307501840075e+00
3.209869572518449843e+00
3.260588713815499862e+00
3.311013927042690153e+00
3.361142798738419923e+00
3.410973288679919779e+00
3.460503711837259910e+00
3.509732720022090025e+00
3.558659283322080036e+00
3.607282671411100150e+00
3.655602434823590041e+00
3.703618386279429853e+00
3.751330582142530012e+00
3.798739304092769942e+00
3.845845041087859961e+00
3.892648471685240086e+00
3.939150446791909843e+00
3.985351972902579920e+00
4.031254195882279845e+00
4.076858385343589575e+00
4.122165919662450051e+00
4.167178271671230227e+00
4.211896995060730120e+00
4.256323711517500108e+00
4.300460098616800231e+00
4.344307878484969798e+00
4.387868807240500324e+00
4.431144665216029566e+00
4.474137247959670383e+00
4.516848358007930386e+00
4.559279797418819946e+00
4.601433361047970294e+00
4.643310830548239565e+00
4.684913969068669637e+00
4.726244516624659830e+00
4.767304186110900233e+00
4.808094659922960368e+00
4.848617587154089748e+00
4.888874581330370006e+00
4.928867218647310366e+00
4.968597036669329725e+00
5.008065533453200047e+00
5.047274167057460126e+00
5.086224355397909846e+00
5.124917476412290007e+00
5.163354868496170091e+00
5.201537831174009696e+00
5.239467625970950060e+00
5.277145477451449906e+00
5.314572574393610083e+00
5.351750071069599990e+00
5.388679088604390266e+00
5.425360716386999904e+00
5.461796013511659886e+00
5.497986010226999731e+00
5.533931709375019992e+00
5.569634087802890043e+00
5.605094097733269720e+00
5.640312668081270076e+00
5.675290705707549677e+00
5.710029096599660292e+00
5.744528706975700061e+00
5.778790384305580119e+00
5.812814958247730424e+00
5.846603241499710002e+00
5.880156030563670200e+00
5.913474106427520027e+00
5.946558235165180228e+00
5.979409168459570267e+00
6.012027644052589714e+00
6.044414386127569649e+00
6.076570105629920171e+00
6.108495500532150402e+00
6.140191256049750024e+00
6.171658044814430255e+00
6.202896527011629857e+00
6.233907350488440358e+00
6.264691150838680223e+00
6.295248551471339660e+00
6.325580163667660294e+00
6.355686586633069624e+00
6.385568407548319669e+00
6.415226201624689928e+00
6.444660532167040046e+00
6.473871950648249829e+00
6.502860996798159654e+00
6.531628198708739674e+00
6.560174072958099956e+00
6.588499124753820269e+00
6.616603848097049934e+00
6.644488725967080178e+00
6.672154230526439633e+00
6.699600823346200329e+00
6.726828955649719610e+00
6.753839068574250426e+00
6.780631593448870120e+00
6.807206952085819829e+00
6.833565557084670061e+00
6.859707812145970252e+00
6.885634112392740036e+00
6.911344844697239864e+00
6.936840388010569569e+00
6.962121113692820273e+00
6.987187385841860277e+00
7.012039561617780414e+00
7.036677991561499645e+00
7.061103019906010303e+00
7.085314984877229882e+00
7.109314218984270184e+00
7.133101049296969975e+00
7.156675797709680431e+00
7.180038781190750008e+00
7.203190312016330310e+00
7.226130697988610407e+00
7.248860242637960027e+00
7.271379245408770231e+00
7.293688001829310430e+00
7.315786803665809579e+00
7.337675939061339747e+00
7.359355692659660164e+00
7.380826345715600034e+00
7.402088176191700342e+00
7.423141458843319995e+00
7.443986465291989596e+00
7.464623464089060079e+00
7.485052720770250190e+00
7.505274497902130193e+00
7.525289055121990422e+00
7.545096649172189807e+00
7.564697533929489737e+00
7.584091960431219803e+00
7.603280176898460141e+00
7.622262428757710317e+00
7.641038958661599878e+00
7.659610006509259605e+00
7.677975809467270096e+00
7.696136601991620196e+00
7.714092615850789869e+00
7.731844080151169862e+00
7.749391221364070326e+00
7.766734263355069778e+00
7.783873427415990420e+00
7.800808932298659570e+00
7.817540994251530151e+00
7.834069827058070423e+00
7.850395642077139691e+00
7.866518648285359738e+00
7.882439052320499684e+00
7.898157058526369845e+00
7.913672868998199661e+00
7.928986683628689747e+00
7.944098700153880088e+00
7.959009114198820178e+00
7.973718119322700026e+00
7.988225907062659559e+00
8.002532666976550857e+00
8.016638586683789924e+00
8.030543851904550223e+00
8.044248646496530597e+00
8.057753152489510740e+00
8.071057550117389567e+00
8.084162017847420501e+00
8.097066732406759115e+00
8.109771868806200601e+00
8.122277600361190508e+00
8.134584098709749966e+00
8.146691533828100518e+00
8.158600074043219408e+00
8.170309886043130021e+00
8.181821134884719626e+00
8.193133983999409509e+00
8.204248595196780514e+00
8.215165128666299665e+00
8.225883742977700308e+00
8.236404595079600099e+00
8.246727840297369383e+00
8.256853632329720583e+00
8.266782123244899694e+00
8.276513463476119270e+00
8.286047801816870617e+00
8.295385285416010390e+00
8.304526059773049695e+00
8.313470268733519575e+00
8.322218054485020389e+00
8.330769557553269422e+00
8.339124916799280030e+00
8.347284269416890723e+00
8.355247750931219741e+00
8.363015495197840821e+00
8.370587634402930632e+00
8.377964299064069920e+00
8.385145618032039394e+00
8.392131718493409664e+00
8.398922725973870129e+00
8.405518764342449600e+00
8.411919955816280492e+00
8.418126420966119738e+00
8.424138278722340445e+00
8.429955646381550594e+00
8.435578639613579455e+00
8.441007372468810388e+00
8.446241957385790755e+00
8.451282505199179340e+00
8.456129125147649361e+00
8.460781924882100569e+00
8.465241010473759431e+00
8.469506486422279323e+00
8.473578455663920650e+00
8.477457019579439645e+00
8.481142278002080204e+00
8.484634329225329452e+00
8.487933270010570297e+00
8.491039195594680677e+00
8.493952199697220706e+00
8.496672374527980409e+00
8.499199810794129561e+00
8.501534597707259167e+00
8.503676822990769324e+00
8.505626572886880510e+00
8.507383932163779861e+00
8.508948984123220427e+00
8.510321810607779369e+00
8.511502492008689913e+00
8.512491107273669755e+00
8.513287733915230859e+00
8.513892448019239723e+00
8.514305324253850671e+00
8.514526435878810418e+00
8.514555854755549547e+00
8.514393651357320181e+00
8.514039894780090378e+00
8.513494652754109993e+00
8.512757991655849565e+00
8.511829976520740360e+00
8.510710671056330057e+00
8.509400137656179197e+00
8.507898437414549875e+00
8.506205630141369767e+00
8.504321774378219345e+00
8.502246927414750743e+00
8.499981145305730124e+00
8.497524482888859865e+00
8.494876993803140763e+00
8.492038730507630362e+00
8.489009744301240445e+00
8.485790085342660660e+00
8.482379802671209390e+00
8.478778944227830294e+00
8.474987556877129791e+00
8.471005686429400328e+00
8.466833377663599336e+00
8.462470674350489830e+00
8.457917619276420496e+00
8.453174254267530330e+00
8.448240620214599872e+00
8.443116757097840264e+00
8.437802704012829835e+00
8.432298499196360098e+00
8.426604180052940762e+00
8.420719783181750628e+00
8.414645344403979266e+00
8.408380898790699831e+00
8.401926480691129129e+00
8.395282123761269588e+00
8.388447860993309746e+00
8.381423724745140191e+00
8.374209746770619134e+00
8.366805958250180808e+00
8.359212389822030076e+00
8.351429071613859279e+00
8.343456033275099770e+00
8.335293304009420368e+00
8.326940912608309375e+00
8.318398887484770299e+00
8.309667256707719218e+00
8.300746048036929281e+00
8.291635288958669747e+00
8.282335006721719850e+00
8.272845228374059445e+00
8.263165980800289745e+00
8.253297290759419980e+00
8.243239184923330853e+00
8.232991689915969857e+00
8.222554832352919618e+00
8.211928638881689224e+00
8.201113136222710764e+00
8.190108351210630744e+00
8.178914310836550072e+00
8.167531042290580245e+00
8.155958573005190004e+00
8.144196930698869963e+00
8.132246143420800877e+00
8.120106239595720865e+00
8.107777248069449882e+00
8.095259198155220659e+00
8.082552119680229907e+00
8.069656043033020865e+00
8.056570999211340123e+00
8.043297019870459863e+00
8.029834137372279912e+00
8.016182384834699803e+00
8.002341796181800859e+00
7.988312406194370219e+00
7.974094250561130082e+00
7.959687365930419922e+00
7.945091789962440032e+00
7.930307561382109682e+00
7.915334720032170424e+00
7.900173306927380068e+00
7.884823364308719995e+00
7.869284935698339645e+00
7.853558065955150269e+00
7.837642801330799713e+00
7.821539189526269809e+00
7.805247279748919631e+00
7.788767122770249962e+00
7.772098770983980387e+00
7.755242278464909766e+00
7.738197701028149744e+00
7.720965096288850305e+00
7.703544523722699822e+00
7.685936044726740413e+00
7.668139722680890280e+00
7.650155623009839978e+00
7.631983813245700077e+00
7.613624363090930380e+00
7.595077344482059623e+00
7.576342831653730236e+00
7.557420901203499852e+00
7.538311632156870168e+00
7.519015106033269724e+00
7.499531406912110398e+00
7.479860621499700102e+00
7.460002839196619995e+00
7.439958152165400129e+00
7.419726655399079718e+00
7.399308446790019644e+00
7.378703627199260318e+00
7.357912300526599836e+00
7.336934573780859559e+00
7.315770557150879760e+00
7.294420364077129904e+00
7.272884111323389966e+00
7.251161919049369686e+00
7.229253910883669754e+00
7.207160213997189757e+00
7.184880959177029958e+00
7.162416280900999688e+00
7.139766317412569840e+00
7.116931210796150431e+00
7.093911107053119558e+00
7.070706156178140134e+00
7.047316512235999753e+00
7.023742333439050078e+00
6.999983782224940221e+00
6.976041025334989598e+00
6.951914233892799722e+00
6.927603583483720406e+00
6.903109254234549574e+00
6.878431430893489740e+00
6.853570302911090373e+00
6.828526064521289740e+00
6.803298914823019850e+00
6.777889057862280353e+00
6.752296702714770227e+00
6.726522063568769916e+00
6.700565359808900112e+00
6.674426816099780169e+00
6.648106662470730122e+00
6.621605134400510018e+00
6.594922472902870147e+00
6.568058924612279803e+00
6.541014741870419869e+00
6.513790182812879692e+00
6.486385511456569830e+00
6.458800997787440323e+00
6.431036917848800272e+00
6.403093553830060181e+00
6.374971194156059617e+00
6.346670133576750139e+00
6.318190673257530143e+00
6.289533120869929661e+00
6.260697790682960395e+00
6.231685003654900079e+00
6.202495087525569772e+00
6.173128376909169823e+00
6.143585213387810384e+00
6.113865945605150287e+00
6.083970929361179891e+00
6.053900527707059886e+00
6.023655111040859822e+00
5.993235057203560423e+00
5.962640751576079978e+00
5.931872587176529876e+00
5.900930964758200226e+00
5.869816292908230260e+00
5.838528988146889809e+00
5.807069475027669903e+00
5.775438186237569660e+00
5.743635562698809593e+00
5.711662053670620409e+00
5.679518116852150023e+00
5.647204218485840421e+00
5.614720833462049754e+00
5.582068445423890246e+00
5.549247546873299797e+00
5.516258639277999976e+00
5.483102233178899887e+00
5.449778848299099643e+00
5.416289013653189599e+00
5.382633267658119891e+00
5.348812158244440340e+00
5.314826242969349579e+00
5.280676089130199813e+00
5.246362273879699778e+00
5.211885384341750083e+00
5.177246017729090433e+00
5.142444781461850134e+00
5.107482293287540109e+00
5.072359181402630313e+00
5.037076084575329737e+00
5.001633652270239594e+00
4.966032544774190427e+00
4.930273433324130039e+00
4.894357000236600364e+00
4.858283939039099941e+00
4.822054954603239629e+00
4.785670763280170270e+00
4.749132093037840008e+00
4.712439683600719853e+00
4.675594286591589821e+00
4.638596665675970065e+00
4.601447596709069998e+00
4.564147867885189669e+00
4.526698279890510435e+00
4.489099646057939985e+00
4.451352792526149571e+00
4.413458558400860099e+00
4.375417795920419906e+00
4.337231370624460070e+00
4.298900161526590047e+00
4.260425061291210014e+00
4.221806976414320012e+00
4.183046827409079960e+00
4.144145548995959771e+00
4.105104090297990282e+00
4.065923415041069688e+00
4.026604501760290056e+00
3.987148344011679946e+00
3.947555950590599938e+00
3.907828345756549915e+00
3.867966569465139948e+00
3.827971677607299839e+00
3.787844742256849973e+00
3.747586851925869933e+00
3.707199111829460048e+00
3.666682644159939830e+00
3.626038588370919857e+00
3.585268101472510072e+00
3.544372358337669837e+00
3.503352552021110178e+00
3.462209894091270002e+00
3.420945614976090177e+00
3.379560964324039851e+00
3.338057211381360023e+00
3.296435645386090130e+00
3.254697575981039925e+00
3.212844333646819983e+00
3.170877270155799899e+00
3.128797759049850136e+00
3.086607196142660214e+00
3.044307000049319978e+00
3.001898612744979822e+00
2.959383500155610136e+00
2.916763152782539947e+00
2.874039086365280049e+00
2.831212842584649891e+00
2.788285989810610044e+00
2.745260123898780158e+00
2.702136869040510092e+00
2.658917878671129831e+00
2.615604836442889880e+00
2.572199457268600220e+00
2.528703488443539982e+00
2.485118710854049784e+00
2.441446940281819966e+00
2.397690028814989827e+00
2.353849866377560218e+00
2.309928382391820190e+00
2.265927547588180158e+00
2.221849375981669983e+00
2.177695927035140144e+00
2.133469308032649892e+00
2.089171676691400137e+00
2.044805244042839920e+00
2.000372277620449779e+00
1.955875104996910085e+00
1.911316117720339935e+00
1.866697775708660023e+00
1.822022612170320022e+00
1.777293239132800018e+00
1.732512353674529937e+00
1.687682744974059901e+00
1.642807302312160100e+00
1.597889024188070106e+00
1.552931028745760056e+00
1.507936565743410062e+00
1.462909030350360018e+00
1.417851979117159988e+00
1.372769148539400019e+00
1.327664476734049970e+00
1.282542128866430042e+00
1.237406527120749944e+00
1.192262386202930013e+00
1.147114755617179904e+00
1.101969070283840058e+00
1.056831211491350064e+00
1.011707580735210055e+00
9.666051897345979693e-01
9.215317709072999852e-01
8.764959139132969534e-01
8.315072356898099981e-01
7.865765938904759613e-01
7.417163571028649871e-01
6.969407500882069950e-01
6.522662992206470500e-01
6.077124133142820517e-01
5.633021496837530284e-01
5.190632370815769780e-01
4.750294600902040254e-01
4.312425601770140116e-01
3.877548878205570038e-01
3.446331662206040258e-01
3.019639312200340098e-01
2.598615467294950188e-01
2.184802456751399891e-01
1.780325351872230066e-01
1.388176192235749951e-01
1.012648115804039989e-01
6.599482586019940478e-02
3.387768326842949956e-02
8.254181529165899658e-03
8.254181529165899658e-03
8.254181529165899658e-03
8.254181529165899658e-03
8.254181529165899658e-03
8.254181529165899658e-03
8.254181529165899658e-03
8.254181529165899658e-03
8.254181529165899658e-03
8.254181529165899658e-03
8.254181529165899658e-03
8.254181529165899658e-03
8.254181529165899658e-03
8.254181529165899658e-03
8.254181529165899658e-03
8.254181529165899658e-03
8.254181529165899658e-03
8.254181529165899658e-03
8.254181529165899658e-03
8.254181529165899658e-03
8.254181529165899658e-03
8.254181529165899658e-03
8.254181529165899658e-03
8.820916016116790020e-03
1.063964367561950029e-02
1.347659248177040039e-02
1.718031018224649986e-02
2.165392244174450115e-02
2.683249824630970157e-02
3.267012985197489949e-02
3.913241805331150319e-02
4.619205336298119746e-02
5.382619898317009960e-02
6.201493130109089758e-02
7.074030355266880399e-02
7.998577722739820539e-02
8.973587053384690648e-02
9.997593502730769965e-02
1.106920080528040057e-01
1.218707102803029962e-01
1.334991703777489991e-01
1.455649663723020126e-01
1.580560776408279910e-01
1.709608440205460100e-01
1.842679299981219987e-01
1.979662927751039969e-01
2.120451534828040052e-01
2.264939710840689902e-01
2.413024186505300095e-01
2.564603617855040207e-01
2.719578390104889776e-01
2.877850439626790102e-01
3.039323092666190163e-01
3.203900919592220231e-01
3.371489603545549940e-01
3.541995822453070097e-01
3.715327143450630198e-01
3.891391928823870194e-01
4.070099252647810251e-01
4.251358827365019910e-01
4.435080939597100258e-01
4.621176394534600163e-01
4.809556468303309851e-01
5.000132867736679643e-01
5.192817697036169466e-01
5.387523430818860204e-01
5.584162893101789482e-01
5.782649241785899896e-01
5.982895958231699840e-01
6.184816841553060218e-01
6.388326007252810301e-01
6.593337889872209479e-01
6.799767249318360296e-01
7.007529180562830362e-01
7.216539126422839567e-01
7.426712893133650129e-01
7.637966668453820551e-01
7.850217042039839832e-01
8.063381027849929605e-01
8.277376088339639670e-01
8.492120160223940450e-01
8.707531681593220219e-01
8.923529620174089905e-01
9.140033502539750554e-01
9.356963444080710346e-01
9.574240179551910535e-01
9.791785094031559833e-01
1.000952025411530055e+00
1.022736843920120098e+00
1.044525317270700082e+00
1.066309875308240063e+00
1.088083028448080025e+00
1.109837370696429959e+00
1.131565582612350074e+00
1.153260434199470108e+00
1.174914787717930009e+00
1.196521600406039942e+00
1.218073927102599985e+00
1.239564922762139920e+00
1.260987844854980056e+00
1.282336055645570072e+00
1.303603024342359973e+00
1.324782329114470025e+00
1.345867658969559955e+00
1.366852815489330020e+00
1.387731714418670048e+00
1.408498387106110084e+00
1.429146981792640103e+00
1.449671764748210023e+00
1.470067121253890052e+00
1.490327556430149913e+00
1.510447695910549948e+00
1.530422286362340012e+00
1.550246195854320108e+00
1.569914414074409903e+00
1.589422052398250074e+00
1.608764343812209896e+00
1.627936642693329938e+00
1.646934424449510104e+00
1.665753285024009989e+00
1.684388940268300106e+00
1.702837225187439962e+00
1.721094093062730090e+00
1.739155614456729948e+00
1.757017976105639923e+00
1.774677479704380056e+00
1.792130540589909948e+00
1.809373686328360042e+00
1.826403555211880025e+00
1.843216894670780093e+00
1.859810559607109948e+00
1.876181510655380080e+00
1.892326812376440071e+00
1.908243631390369899e+00
1.923929234454349935e+00
1.939380986491129999e+00
1.954596348573959919e+00
1.969572875873520035e+00
1.984308215572289980e+00
1.998800104751939921e+00
2.013046368258720076e+00
2.027044916551870024e+00
2.040793743540330052e+00
2.054290924411729780e+00
2.067534613459030002e+00
2.080523041908159954e+00
2.093254515751600042e+00
2.105727413591259811e+00
2.117940184494290001e+00
2.129891345865650099e+00
2.141579481340219804e+00
2.153003238697730026e+00
2.164161327803019841e+00
2.175052518574549953e+00
2.185675638983060054e+00
2.196029573082809883e+00
2.206113259077170152e+00
2.215925687420320145e+00
2.225465898956629829e+00
2.234732983098799863e+00
2.243726076046249851e+00
2.252444359044509792e+00
2.260887056686259999e+00
2.269053435255090179e+00
2.276942801112079806e+00
2.284554499125570182e+00
2.291887911144680157e+00
2.298942454516060163e+00
2.305717580644529807e+00
2.312212773596680204e+00
2.318427548748000167e+00
2.324361451472720219e+00
2.330014055875590184e+00
2.335384963566249805e+00
2.340473802474249965e+00
2.345280225705220101e+00
2.349803910436630172e+00
2.354044556853009951e+00
2.358001887119849815e+00
2.361675644394710005e+00
2.365065591875629814e+00
2.368171511885240221e+00
2.370993204990170078e+00
2.373530489154580092e+00
2.375783198927170048e+00
2.377751184660399808e+00
2.379434311761449816e+00
2.380832459973809989e+00
2.381945522688420080e+00
2.382773406283889894e+00
2.383316029494530142e+00
2.383573322805709882e+00
2.383545227875079942e+00
2.383231696979760006e+00
2.382632692487720139e+00
2.381748186353089825e+00
2.380578159634719970e+00
2.379122602036610079e+00
2.377381511470340048e+00
2.375354893637919851e+00
2.373042761635109965e+00
2.370445135574009932e+00
2.367562042224459873e+00
2.364393514673750030e+00
2.360939592003870047e+00
2.357200318985610110e+00
2.353175745789319873e+00
2.348865927711369928e+00
2.344270924916310062e+00
2.339390802193269892e+00
2.334225628727479851e+00
2.328775477885399958e+00
2.323040427013059794e+00
2.317020557248110180e+00
2.310715953344010032e+00
2.304126703506649942e+00
2.297252899243079849e+00
2.290094635221620045e+00
2.282652009143069982e+00
2.274925121623319946e+00
2.266914076085940088e+00
2.258618978665750010e+00
2.250039938121799921e+00
2.241177065760710185e+00
2.232030475369199962e+00
2.222600283156240142e+00
2.212886607703879793e+00
2.202889569927580116e+00
2.192609293044740060e+00
2.182045902552109951e+00
2.171199526211459840e+00
2.160070294043470174e+00
2.148658338329950013e+00
2.136963793623559926e+00
2.124986796766069830e+00
2.112727486913799968e+00
2.100186005571079928e+00
2.087362496631250064e+00
2.074257106425180019e+00
2.060869983777439796e+00
2.047201280069720131e+00
2.033251149311869899e+00
2.019019748220519883e+00
2.004507236304769791e+00
1.989713775959830011e+00
1.974639532567890043e+00
1.959284674606649901e+00
1.943649373765580002e+00
1.927733805069860029e+00
1.911538147012179945e+00
1.895062581692749992e+00
1.878307294967030083e+00
1.861272476602380044e+00
1.843958320442790066e+00
1.826365024582710106e+00
1.808492791549819900e+00
1.790341828497229892e+00
1.771912347405590005e+00
1.753204565295080064e+00
1.734218704448309945e+00
1.714954992644259990e+00
1.695413663403980031e+00
1.675594956248789957e+00
1.655499116971580031e+00
1.635126397922390007e+00
1.614477058308859903e+00
1.593551364513210000e+00
1.572349590426560084e+00
1.550872017802310099e+00
1.529118936630909920e+00
1.507090645536639961e+00
1.484787452200329927e+00
1.462209673809750088e+00
1.439357637541119894e+00
1.416231681075450055e+00
1.392832153154150099e+00
1.369159414178870104e+00
1.345213836861510082e+00
1.320995806931930083e+00
1.296505723911050012e+00
1.271744001960279924e+00
1.246711070818240064e+00
1.221407376839710013e+00
1.195833384153760059e+00
1.169989575961519979e+00
1.143876455998700026e+00
1.117494550192549951e+00
1.090844408550809996e+00
1.063926607326499907e+00
1.036741751513799992e+00
1.009290477742869951e+00
9.815734576563149849e-01
9.535914018714150009e-01
9.253450646567189519e-01
8.968352494852920298e-01
8.680628156672169915e-01
8.390286863203529899e-01
8.097338580064510349e-01
7.801794124542570374e-01
7.503665309116359650e-01
7.202965118312809611e-01
6.899707928132849943e-01
6.593909780204240123e-01
6.285588726871179643e-01
5.974765268982330513e-01
5.661462915942939711e-01
5.345708908611049859e-01
5.027535161475500392e-01
4.706979503636269935e-01
4.384087332375409818e-01
4.058913844861010145e-01
3.731527093422949970e-01
3.402012236071449980e-01
3.070477558907159787e-01
2.737063190333949847e-01
2.401954023079080069e-01
2.065399440453200008e-01
1.727744505641279904e-01
1.389481470823180076e-01
1.051339746316049956e-01
7.144554572879879828e-02
3.807292134630489711e-02
8.274490154086539331e-03
8.274490154086539331e-03
8.274490154086539331e-03
8.274490154086539331e-03
8.274490154086539331e-03
8.274490154086539331e-03
8.274490154086539331e-03
8.274490154086539331e-03
8.274490154086539331e-03
8.274490154086539331e-03
8.274490154086539331e-03
8.274490154086539331e-03
8.274490154086539331e-03
8.274490154086539331e-03
8.274490154086539331e-03
8.274490154086539331e-03
8.274490154086539331e-03
8.274490154086539331e-03
8.274490154086539331e-03
8.274490154086539331e-03
8.274490154086539331e-03
8.274490154086539331e-03
8.274490154086539331e-03
8.274490154086539331e-03
8.274490154086539331e-03
8.274490154086539331e-03
8.274490154086539331e-03
8.274490154086539331e-03
8.274490154086539331e-03
8.274490154086539331e-03
9.072514342345350258e-03
1.149154591356670030e-02
1.523351383139750007e-02
2.011324788911419970e-02
2.601449885628049838e-02
3.286116146275500083e-02
4.060098903979630219e-02
4.919616398563200071e-02
5.861776652443809882e-02
6.884250322239379716e-02
7.985075859365249606e-02
9.162542488141969810e-02
1.041511901256900047e-01
1.174140960516490001e-01
1.314012547481419879e-01
1.461006588912850124e-01
1.615010473446920058e-01
1.775918039284840044e-01
1.943628765157799920e-01
2.118047090727830095e-01
2.299081824101160132e-01
2.486645612151950069e-01
2.680654459537860079e-01
2.881027287969240014e-01
3.087685530415439916e-01
3.300552756655419917e-01
3.519554327496570156e-01
3.744617075513160254e-01
3.975669010466419961e-01
4.212639047756759902e-01
4.455456758410140106e-01
4.704052139234140006e-01
4.958355401870619961e-01
5.218296779594120416e-01
5.483806350787270301e-01
5.754813878126180393e-01
6.031248662588389875e-01
6.313039411471460527e-01
6.600114119682249925e-01
6.892399963627919846e-01
7.189823207074810263e-01
7.492309118420219516e-01
7.799781898839289740e-01
8.112164620824310335e-01
8.429379176661260242e-01
8.751346236414989654e-01
9.077985215027170041e-01
9.409214248139590175e-01
9.744950176286270027e-01
1.008510853710449906e+00
1.042960356522889986e+00
1.077834819954349932e+00
1.113125409747580008e+00
1.148823165601899898e+00
1.184919003917860092e+00
1.221403721153700106e+00
1.258267997763770074e+00
1.295502402688649912e+00
1.333097398367159903e+00
1.371043346240329974e+00
1.409330512716769901e+00
1.447949075569759936e+00
1.486889130735479903e+00
1.526140699481439933e+00
1.565693735915109963e+00
1.605538134801230088e+00
1.645663739656940017e+00
1.686060351093690013e+00
1.726717735374420082e+00
1.767625633154950027e+00
1.808773768377990088e+00
1.850151857288719892e+00
1.891749617540680051e+00
1.933556777361010059e+00
1.975563084744379916e+00
2.017758316645270167e+00
2.060132288138699863e+00
2.102674861519509886e+00
2.145375955312259997e+00
2.188225553162639780e+00
2.231213712583429931e+00
2.274330573528479782e+00
2.317566366768890163e+00
2.360911422046790165e+00
2.404356175983609845e+00
2.447891179719889898e+00
2.491507106266110050e+00
2.535194757544850130e+00
2.578945071105540165e+00
2.622749126495500072e+00
2.666598151271859951e+00
2.710483526640360186e+00
2.754396792709310038e+00
2.798329653348460067e+00
2.842273980643430065e+00
2.886221818939370021e+00
2.930165388468100041e+00
2.974097088555689883e+00
3.018009500407940138e+00
3.061895389474520002e+00
3.105747707392460200e+00
3.149559593513069800e+00
3.193324376016399846e+00
3.237035572620090118e+00
3.280686890890530005e+00
3.324272228165459975e+00
3.367785671098869837e+00
3.411221494840470214e+00
3.454574161862550064e+00
3.497838320448989791e+00
3.541008802861509874e+00
3.584080623199989990e+00
3.627048974973220208e+00
3.669909228398689827e+00
3.712656927449510036e+00
3.755287786667590222e+00
3.797797687762010099e+00
3.840182676012950047e+00
3.882438956500230187e+00
3.924562890176619856e+00
3.966550989805630145e+00
4.008399915783430245e+00
4.050106471864100222e+00
4.091667600807330274e+00
4.133080379966970419e+00
4.174342016838499703e+00
4.215449844582930261e+00
4.256401317543329732e+00
4.297194006770750363e+00
4.337825595573620241e+00
4.378293875105700117e+00
4.418596740005789947e+00
4.458732184100769658e+00
4.498698296184859835e+00
4.538493255884030297e+00
4.578115329615680018e+00
4.617562866652310305e+00
4.656834295295340098e+00
4.695928119166840276e+00
4.734842913623420024e+00
4.773577322297199999e+00
4.812130053767109672e+00
4.850499878363110362e+00
4.888685625104709942e+00
4.926686178774859926e+00
4.964500477129059952e+00
5.002127508239129661e+00
5.039566307969550074e+00
5.076815957585360195e+00
5.113875581487890010e+00
5.150744345076040176e+00
5.187421452728620430e+00
5.223906145904540388e+00
5.260197701355870059e+00
5.296295429449290104e+00
5.332198672591029975e+00
5.367906803750320144e+00
5.403419225075809962e+00
5.438735366599989796e+00
5.473854685026219968e+00
5.508776662592899775e+00
5.543500806009849846e+00
5.578026645461360289e+00
5.612353733671220368e+00
5.646481645024629792e+00
5.680409974742669732e+00
5.714138338104289616e+00
5.747666369712120193e+00
5.780993722797889589e+00
5.814120068563579657e+00
5.847045095555209571e+00
5.879768509065550042e+00
5.912290030563320364e+00
5.944609397145899976e+00
5.976726361013260380e+00
6.008640688960929843e+00
6.040352161890210070e+00
6.071860574333940441e+00
6.103165733996440245e+00
6.134267461306340152e+00
6.165165588981380118e+00
6.195859961604539556e+00
6.226350435210470380e+00
6.256636876882200049e+00
6.286719164357429612e+00
6.316597185644329926e+00
6.346270838646780099e+00
6.375740030798770164e+00
6.405004678708460020e+00
6.434064707811310235e+00
6.462920052032879781e+00
6.491570653461590013e+00
6.520016462030969961e+00
6.548257435212089916e+00
6.576293537716120241e+00
6.604124741207240135e+00
6.631751024025810182e+00
6.659172370922160411e+00
6.686388772800730074e+00
6.713400226474780297e+00
6.740206734431570368e+00
6.766808304607799585e+00
6.793204950175209866e+00
6.819396689336540085e+00
6.845383545130649949e+00
6.871165545247749584e+00
6.896742721853519775e+00
6.922115111422069589e+00
6.947282754577500441e+00
6.972245695943399824e+00
6.997003984000049748e+00
7.021557670948790353e+00
7.045906812582959589e+00
7.070051468165419628e+00
7.093991700311430115e+00
7.117727574877250163e+00
7.141259160853260290e+00
7.164586530261609632e+00
7.187709758057869713e+00
7.210628922036099731e+00
7.233344102737129688e+00
7.255855383359699928e+00
7.278162849673729617e+00
7.300266589935990424e+00
7.322166694807480170e+00
7.343863257272349898e+00
7.365356372558069964e+00
7.386646138056899957e+00
7.407732653248260135e+00
7.428616019621969713e+00
7.449296340601989641e+00
7.469773721471160144e+00
7.490048269296459615e+00
7.510120092854539742e+00
7.529989302558219855e+00
7.549656010383319682e+00
7.569120329796160007e+00
7.588382375681660186e+00
7.607442264272210153e+00
7.626300113077300047e+00
7.644956040813900344e+00
7.663410167337829648e+00
7.681662613576039966e+00
7.699713501459980236e+00
7.717562953860129582e+00
7.735211094521700304e+00
7.752658048001629609e+00
7.769903939606789933e+00
7.786948895333770437e+00
7.803793041809949926e+00
7.820436506236069896e+00
7.836879416330270409e+00
7.853121900273610123e+00
7.869164086657230328e+00
7.885006104430780205e+00
7.900648082852510079e+00
7.916090151440809741e+00
7.931332439927079925e+00
7.946375078210239806e+00
7.961218196312220385e+00
7.975861924335149844e+00
7.990306392419539883e+00
8.004551730703729717e+00
8.018598069284589513e+00
8.032445538178999200e+00
8.046094267286740376e+00
8.059544386353950429e+00
8.072796024937680670e+00
8.085849312371289344e+00
8.098704377730429727e+00
8.111361349799949494e+00
8.123820357041299900e+00
8.136081527560660831e+00
8.148144989077579226e+00
8.160010868894190139e+00
8.171679293864890781e+00
8.183150390366609628e+00
8.194424284269379299e+00
8.205501100907520495e+00
8.216380965051090612e+00
8.227064000877939876e+00
8.237550331946129845e+00
8.247840081166749826e+00
8.257933370777140070e+00
8.267830322314789981e+00
8.277531056591509895e+00
8.287035693668039826e+00
8.296344352829329694e+00
8.305457152560359546e+00
8.314374210522240460e+00
8.323095643529230259e+00
8.331621567525999694e+00
8.339952097565809908e+00
8.348087347789149959e+00
8.356027431402960559e+00
8.363772460660630514e+00
8.371322546842749901e+00
8.378677800238349960e+00
8.385838330126970774e+00
8.392804244761380872e+00
8.399575651351119276e+00
8.406152656046689486e+00
8.412535363924439125e+00
8.418723878972269148e+00
8.424718304076039388e+00
8.430518741006560290e+00
8.436125290407559874e+00
8.441538051784199581e+00
8.446757123492279362e+00
8.451782602728229676e+00
8.456614585519769633e+00
8.461253166717110474e+00
8.465698439985100521e+00
8.469950497795739608e+00
8.474009431421459126e+00
8.477875330929139253e+00
8.481548285174529411e+00
8.485028381797379282e+00
8.488315707217319428e+00
8.491410346630020811e+00
8.494312384004320649e+00
8.497021902079520572e+00
8.499538982363530337e+00
8.501863705131590621e+00
8.503996149425290696e+00
8.505936393052529354e+00
8.507684512587639247e+00
8.509240583372390532e+00
8.510604679517379978e+00
8.511776873903979634e+00
8.512757238186869913e+00
8.513545842797340057e+00
8.514142756946659674e+00
8.514548048630510735e+00
8.514761784633849473e+00
8.514784030536070247e+00
8.514614850717279637e+00
8.514254308364650470e+00
8.513702465479669357e+00
8.512959382885840753e+00
8.512025120237060705e+00
8.510899736026770412e+00
8.509583287597170198e+00
8.508075831149650270e+00
8.506377421755640711e+00
8.504488113367859370e+00
8.502407958832520762e+00
8.500137009901859386e+00
8.497675317247630034e+00
8.495022930474869227e+00
8.492179898136530625e+00
8.489146267748660435e+00
8.485922085806130610e+00
8.482507397799210480e+00
8.478902248230539840e+00
8.475106680632819689e+00
8.471120737587160221e+00
8.466944460741910206e+00
8.462577890832369221e+00
8.458021067700739692e+00
8.453274030317080801e+00
8.448336816800560811e+00
8.443209464441519430e+00
8.437892009724070164e+00
8.432384488349219609e+00
8.426686935258720368e+00
8.420799384659520825e+00
8.414721870048689212e+00
8.408454424239000247e+00
8.401997079385239431e+00
8.395349867010850176e+00
8.388512818035350094e+00
8.381485962802390333e+00
8.374269331108200376e+00
8.366862952230809114e+00
8.359266854959699344e+00
8.351481067626380650e+00
8.343505618134930302e+00
8.335340533993900181e+00
8.326985842348239686e+00
8.318441570011939845e+00
8.309707743501480337e+00
8.300784389069630009e+00
8.291671532740009454e+00
8.282369200342060367e+00
8.272877417546830259e+00
8.263196209903179934e+00
8.253325602874639344e+00
8.243265621877020166e+00
8.233016292316319706e+00
8.222577639627370871e+00
8.211949689313270184e+00
8.201132466985150415e+00
8.190125998402509211e+00
8.178930309514459651e+00
8.167545426501350292e+00
8.155971375816850610e+00
8.144208184231020553e+00
8.132255878873520416e+00
8.120114487277879434e+00
8.107784037425830093e+00
8.095264557792900106e+00
8.082556077393849847e+00
8.069658625829239540e+00
8.056572233332550681e+00
8.043296930817410484e+00
8.029832749926109514e+00
8.016179723078080244e+00
8.002337883519340167e+00
7.988307265372429633e+00
7.974087903686769785e+00
7.959679834489789663e+00
7.945083094838629734e+00
7.930297722872209576e+00
7.915323757864110021e+00
7.900161240275910046e+00
7.884810211811060121e+00
7.869270715469400379e+00
7.853542795602270310e+00
7.837626497968040340e+00
7.821521869788299774e+00
7.805228959804730415e+00
7.788747818336219986e+00
7.772078497336850411e+00
7.755221050454299991e+00
7.738175533088729630e+00
7.720942002452460429e+00
7.703520517629939945e+00
7.685911139638360368e+00
7.668113931488930390e+00
7.650128958248459732e+00
7.631956287101780312e+00
7.613595987414459643e+00
7.595048130796209662e+00
7.576312791164659721e+00
7.557390044809969787e+00
7.538279970459609736e+00
7.518982649344070346e+00
7.499498165262640015e+00
7.479826604650200217e+00
7.459968056644130208e+00
7.439922613152029740e+00
7.419690368919959589e+00
7.399271421600779775e+00
7.378665871823679723e+00
7.357873823263600066e+00
7.336895382711650093e+00
7.315730660145780107e+00
7.294379768801899644e+00
7.272842825245779963e+00
7.251119949445249624e+00
7.229211264842859919e+00
7.207116898429330121e+00
7.184836980817140173e+00
7.162371646314880103e+00
7.139721033001960038e+00
7.116885282803879775e+00
7.093864541567979742e+00
7.070658959139620059e+00
7.047268689438950240e+00
7.023693890538069695e+00
6.999934724738809955e+00
6.975991358650849961e+00
6.951863963270239921e+00
6.927552714058830219e+00
6.903057791023599954e+00
6.878379378796959820e+00
6.853517666717180212e+00
6.828472848909579618e+00
6.803245124367860441e+00
6.777834697036340117e+00
6.752241775892199982e+00
6.726466575028590356e+00
6.700509313738040262e+00
6.674370216596270389e+00
6.648049513546600231e+00
6.621547439984870387e+00
6.594864236844689920e+00
6.568000150683250382e+00
6.540955433767649652e+00
6.513730344161629660e+00
6.486325145812739557e+00
6.458740108640339983e+00
6.430975508623469672e+00
6.403031627889779642e+00
6.374908754804660127e+00
6.346607184061009654e+00
6.318127216769349630e+00
6.289469160548610382e+00
6.260633329617290244e+00
6.231620044885279874e+00
6.202429634046019657e+00
6.173062431669399608e+00
6.143518779294949717e+00
6.113799025525920250e+00
6.083903526123520145e+00
6.053832644101990290e+00
6.023586749824159980e+00
5.993166221097609991e+00
5.962571443271389882e+00
5.931802809333349913e+00
5.900860720008100024e+00
5.869745583855710436e+00
5.838457817370869662e+00
5.806997845082760179e+00
5.775366099655760088e+00
5.743563021990650164e+00
5.711589061326679762e+00
5.679444675344259785e+00
5.647130330268559817e+00
5.614646500973750065e+00
5.581993671088040010e+00
5.549172333099749999e+00
5.516182988464059633e+00
5.483026147710609699e+00
5.449702330552340435e+00
5.416212065994780112e+00
5.382555892446839962e+00
5.348734357832309882e+00
5.314748019702480342e+00
5.280597445350029950e+00
5.246283211923760348e+00
5.211805906544889844e+00
5.177166126424450177e+00
5.142364478981679810e+00
5.107401581964279735e+00
5.072278063569839901e+00
5.036994562568660072e+00
5.001551728428229815e+00
4.965950221439210388e+00
4.930190712843380396e+00
4.894273884962860421e+00
4.858200431331639813e+00
4.821971056828700419e+00
4.785586477813390083e+00
4.749047422262740348e+00
4.712354629911009951e+00
4.675508852391709880e+00
4.638510853381889731e+00
4.601361408749009563e+00
4.564061306700549991e+00
4.526611347936499996e+00
4.489012345804580306e+00
4.451265126458809895e+00
4.413370529021309885e+00
4.375329405747359957e+00
4.337142622194449793e+00
4.298811057394770430e+00
4.260335604032079893e+00
4.221717168622499905e+00
4.182956671700109652e+00
4.144055048007079911e+00
4.105013246688869799e+00
4.065832231494690419e+00
4.026512980983580015e+00
3.987056488736480109e+00
3.947463763574340145e+00
3.907735829783060222e+00
3.867873727345569890e+00
3.827878512180929782e+00
3.787751256391759913e+00
3.747493048520010195e+00
3.707104993811420002e+00
3.666588214489800102e+00
3.625943850041270178e+00
3.585173057509260186e+00
3.544277011801030053e+00
3.503256906006630089e+00
3.462113951730680039e+00
3.420849379438439808e+00
3.379464438816810024e+00
3.337960399151380209e+00
3.296338549720779998e+00
3.254600200209599947e+00
3.212746681141279925e+00
3.170779344332510075e+00
3.128699563370560099e+00
3.086508734116080177e+00
3.044208275232399785e+00
3.001799628744509896e+00
2.959284260629650110e+00
2.916663661442259858e+00
2.873939346976519982e+00
2.831112858969819790e+00
2.788185765850649922e+00
2.745159663535199801e+00
2.702036176277539781e+00
2.658816957578050033e+00
2.615503691156510158e+00
2.572098091995890012e+00
2.528601907464509857e+00
2.485016918524749929e+00
2.441344941037630001e+00
2.397587827174100017e+00
2.353747466944970057e+00
2.309825789863249934e+00
2.265824766754719999e+00
2.221746411734800031e+00
2.177592784371840118e+00
2.133365992061679872e+00
2.089068192639449872e+00
2.044701597261850079e+00
2.000268473595519847e+00
1.955771149355119976e+00
1.911212016240519951e+00
1.866593534332309900e+00
1.821918237013909980e+00
1.777188736501549959e+00
1.732407730077879959e+00
1.687578007143420100e+00
1.642702457220730050e+00
1.597784079073909957e+00
1.552825991137759987e+00
1.507831443491369994e+00
1.462803831659889919e+00
1.417746712589649905e+00
1.372663823219109958e+00
1.327559102162940041e+00
1.282436715148590034e+00
1.237301084998589928e+00
1.192156927147649981e+00
1.147009291936810005e+00
1.101863615252699935e+00
1.056725779506789920e+00
1.011602187507580020e+00
9.664998525199950397e-01
9.214265087938290355e-01
8.763907481762890361e-01
8.314021902357939808e-01
7.864716958165960392e-01
7.416116374083789875e-01
6.968362445874539679e-01
6.521620497268729721e-01
6.076084691914590552e-01
5.631985699051099692e-01
5.189600929953049890e-01
4.749268391878310180e-01
4.311405713057909761e-01
3.876536685124279957e-01
3.445328931810380246e-01
3.018648356239440056e-01
2.597639369655849739e-01
2.183845418107230041e-01
1.779393219976110052e-01
1.387277281071349899e-01
1.011794433730120041e-01
6.591570942576789605e-02
3.380714047851449827e-02
8.193345364143619219e-03
8.193345364143619219e-03
8.193345364143619219e-03
8.193345364143619219e-03
8.193345364143619219e-03
8.193345364143619219e-03
8.193345364143619219e-03
8.193345364143619219e-03
8.193345364143619219e-03
8.193345364143619219e-03
8.193345364143619219e-03
8.193345364143619219e-03
8.193345364143619219e-03
8.193345364143619219e-03
8.193345364143619219e-03
8.193345364143619219e-03
8.193345364143619219e-03
8.193345364143619219e-03
8.193345364143619219e-03
8.193345364143619219e-03
8.193345364143619219e-03
8.193345364143619219e-03
8.193345364143619219e-03
8.766159546841350778e-03
1.059009482984320065e-02
1.343118785612770066e-02
1.713842187683890100e-02
2.161516195725579972e-02
2.679661116064549833e-02
3.263693793797980275e-02
3.910178709051750218e-02
4.616387514208560028e-02
5.380038122176909743e-02
6.199139197962669906e-02
7.071896771587700414e-02
7.996657515357830093e-02
8.971873665816749999e-02
9.996080727811550160e-02
1.106788274126409982e-01
1.218594204697719952e-01
1.334897176078209957e-01
1.455572991356509915e-01
1.580501465285880092e-01
1.709566015559439989e-01
1.842653304838240136e-01
1.979652921525190123e-01
2.120457092016360123e-01
2.264960419819659898e-01
2.413059648420919912e-01
2.564653445597530057e-01
2.719642207367199971e-01
2.877927880035879848e-01
3.039413798990309723e-01
3.204004543009559836e-01
3.371605802976189725e-01
3.542124263945510276e-01
3.715467499622039926e-01
3.891543878347950014e-01
4.070262479787670196e-01
4.251533021547709845e-01
4.435265795026540059e-01
4.621371609840190242e-01
4.809761746222970258e-01
5.000347914829870177e-01
5.193042223424340076e-01
5.387757149957209668e-01
5.584405521571049746e-01
5.782900499110289472e-01
5.983155566719610130e-01
6.185084526152959672e-01
6.388601495434520494e-01
6.593620911520690075e-01
6.800057536645860434e-01
7.007826468036350009e-01
7.216843150704139731e-01
7.427023393034030141e-01
7.638283384898280071e-01
7.850539718045059789e-01
8.063709408510369991e-01
8.277709920823379530e-01
8.492459193776560333e-01
8.707875667550569743e-01
8.923878311980769640e-01
9.140386655773210522e-01
9.357320816481830006e-01
9.574601531061740500e-01
9.792150186828390002e-01
1.000988885265950090e+00
1.022774031028069963e+00
1.044562808548590072e+00
1.066347647915190100e+00
1.088121059791169909e+00
1.109875638436059964e+00
1.131604064667530052e+00
1.153299108753460089e+00
1.174953633223559946e+00
1.196560595591029896e+00
1.218113050974930056e+00
1.239604154615240095e+00
1.261027164272839896e+00
1.282375442507480034e+00
1.303642458827690032e+00
1.324821791707200047e+00
1.345907130462340007e+00
1.366892276987579979e+00
1.387771147344269984e+00
1.408537773200710053e+00
1.429186303120969947e+00
1.449711003700679957e+00
1.470106260549209898e+00
1.490366579117329948e+00
1.510486585370869994e+00
1.530461026310689920e+00
1.550284770340389917e+00
1.569952807483429913e+00
1.589460249451460028e+00
1.608802329567029954e+00
1.627974402542919918e+00
1.646971944122290088e+00
1.665790550582820106e+00
1.684425938109080034e+00
1.702873942037649968e+00
1.721130515979550024e+00
1.739191730824859894e+00
1.757053773634869920e+00
1.774712946426840077e+00
1.792165664857110041e+00
1.809408456807849896e+00
1.826437960883890099e+00
1.843250924824360037e+00
1.859844203836279908e+00
1.876214758854950038e+00
1.892359654737649999e+00
1.908276058396400021e+00
1.923961236875719960e+00
1.939412555380759962e+00
1.954627475262270098e+00
1.969603551963289956e+00
1.984338432933610008e+00
1.998829855516869980e+00
2.013075644815800036e+00
2.027073711540909873e+00
2.040822049846719999e+00
2.054318735161150045e+00
2.067561922011630138e+00
2.080549841853189807e+00
2.093280800901700101e+00
2.105753177976910084e+00
2.117965422358259797e+00
2.129916051657350096e+00
2.141603649710289936e+00
2.153026864492419978e+00
2.164184406058919929e+00
2.175075044513000044e+00
2.185697608004910197e+00
2.196050980763140092e+00
2.206134101160090122e+00
2.215945959813879984e+00
2.225485597727640208e+00
2.234752104468070044e+00
2.243744616383560153e+00
2.252462314863899806e+00
2.260904424641330124e+00
2.269070212134459918e+00
2.276958983834839856e+00
2.284570084736969875e+00
2.291902896811790047e+00
2.298956837523619789e+00
2.305731358390839869e+00
2.312225943589719890e+00
2.318440108601520055e+00
2.324373398902459975e+00
2.330025388695669886e+00
2.335395679685659864e+00
2.340483899893300190e+00
2.345289702512280083e+00
2.349812764804890097e+00
2.354052787037379968e+00
2.358009491453750162e+00
2.361682621287359840e+00
2.365071939809050061e+00
2.368177229411520202e+00
2.370998290728830060e+00
2.373534941790050201e+00
2.375787017206159923e+00
2.377754367389659951e+00
2.379436857805409922e+00
2.380834368252259914e+00
2.381946792174470140e+00
2.382774036001820139e+00
2.383316018517890100e+00
2.383572670255230008e+00
2.383543932917020047e+00
2.383229758823989908e+00
2.382630110386029898e+00
2.381744959597570155e+00
2.380574287556159963e+00
2.379118084002919797e+00
2.377376346885240022e+00
2.375349081939369889e+00
2.373036302294070143e+00
2.370438028093090121e+00
2.367554286136710040e+00
2.364385109541499830e+00
2.360930537417520014e+00
2.357190614562620024e+00
2.353165391173130061e+00
2.348854922570479786e+00
2.344259268943130081e+00
2.339378495103459965e+00
2.334212670258990041e+00
2.328761867797540130e+00
2.323026165085920081e+00
2.317005643281679905e+00
2.310700387157429869e+00
2.304110484937770043e+00
2.297236028147560116e+00
2.290077111472459848e+00
2.282633832630069914e+00
2.274906292252420137e+00
2.266894593778860045e+00
2.258598843359440167e+00
2.250019149768000215e+00
2.241155624325560147e+00
2.232008380832870120e+00
2.222577535512539892e+00
2.212863206959930107e+00
2.202865516103519994e+00
2.192584586173469852e+00
2.182020542679009800e+00
2.171173513394200061e+00
2.160043628351819844e+00
2.148631019845479884e+00
2.136935822439689936e+00
2.124958172987769789e+00
2.112698210657539821e+00
2.100156076964830199e+00
2.087331915814259808e+00
2.074225873548070087e+00
2.060838099002140211e+00
2.047168743569399929e+00
2.033217961271180041e+00
2.018985908835329912e+00
2.004472745782570176e+00
1.989678634519560063e+00
1.974603740440209920e+00
1.959248232033999892e+00
1.943612281002299991e+00
1.927696062382479925e+00
1.911499754679579999e+00
1.895023540006290030e+00
1.878267604230950072e+00
1.861232137133919995e+00
1.843917332572609924e+00
1.826323388655060054e+00
1.808450507922999995e+00
1.790298897543940004e+00
1.771868769513240016e+00
1.753160340866299904e+00
1.734173833901359929e+00
1.714909476413460032e+00
1.695367501940270083e+00
1.675548150020250038e+00
1.655451666464009985e+00
1.635078303639919906e+00
1.614428320774599968e+00
1.593501984269870109e+00
1.572299568037230033e+00
1.550821353851399964e+00
1.529067631724640108e+00
1.507038700304210055e+00
1.484734867294819960e+00
1.462156449909070011e+00
1.439303775349179970e+00
1.416177181323319934e+00
1.392777016601429940e+00
1.369103641614920042e+00
1.345157429107209923e+00
1.320938764841129931e+00
1.296448048372599970e+00
1.271685693899970104e+00
1.246652131201019920e+00
1.221347806672280045e+00
1.195773184487380014e+00
1.169928747895139898e+00
1.143815000682530059e+00
1.117432468832239900e+00
1.090781702412060072e+00
1.063863277740410007e+00
1.036677799883269913e+00
1.009225905549669955e+00
9.815082664696019865e-01
9.535255933578320464e-01
9.252786405922750479e-01
8.967682117693169808e-01
8.679951663394529504e-01
8.389604275812619916e-01
8.096649922420540157e-01
7.801099422663220206e-01
7.502964591546700257e-01
7.202258416586639900e-01
6.898995277342669930e-01
6.593191219718269602e-01
6.284864301237950146e-01
5.974035029086000037e-01
5.660726920482810343e-01
5.344967226024459617e-01
5.026787872453449824e-01
4.706226704456609733e-01
4.383329139369400163e-01
4.058150400482319897e-01
3.730758574615469780e-01
3.401238866009569928e-01
3.069699623786389941e-01
2.736281063933089786e-01
2.401168203648159916e-01
2.064610607887540084e-01
1.726953613567779877e-01
1.388689902245550112e-01
1.050549593832880019e-01
7.136700739610039868e-02
3.799544546947970086e-02
8.198994315089530235e-03
8.198994315089530235e-03
8.198994315089530235e-03
8.198994315089530235e-03
8.198994315089530235e-03
8.198994315089530235e-03
8.198994315089530235e-03
8.198994315089530235e-03
8.198994315089530235e-03
8.198994315089530235e-03
8.198994315089530235e-03
8.198994315089530235e-03
8.198994315089530235e-03
8.198994315089530235e-03
8.198994315089530235e-03
8.198994315089530235e-03
8.198994315089530235e-03
8.198994315089530235e-03
8.198994315089530235e-03
8.198994315089530235e-03
8.198994315089530235e-03
8.198994315089530235e-03
8.198994315089530235e-03
8.198994315089530235e-03
8.198994315089530235e-03
8.198994315089530235e-03
8.198994315089530235e-03
8.198994315089530235e-03
8.198994315089530235e-03
8.198994315089530235e-03
9.005440047588079283e-03
1.143128824004909991e-02
1.517865780195640051e-02
2.006297527396010139e-02
2.596831383930299844e-02
3.281874629199039994e-02
4.056212589814699870e-02
4.916069211932660304e-02
5.858555859172830116e-02
6.881345222758959712e-02
7.982477066309499880e-02
9.160241525157930553e-02
1.041310808828079942e-01
1.173968148166229936e-01
1.313867338643139870e-01
1.460888348778499879e-01
1.614918604889160059e-01
1.775851979519960100e-01
1.943587982827789939e-01
2.118031083244150126e-01
2.299090115181199878e-01
2.486677749518330094e-01
2.680710012769870199e-01
2.881105846492260092e-01
3.087786701636289766e-01
3.300676164224580211e-01
3.519699609698109799e-01
3.744783883775359978e-01
3.975857007982029900e-01
4.212847908207920100e-01
4.455686164790699788e-01
4.704301782759989781e-01
4.958624980974929985e-01
5.218585998998379605e-01
5.484114920644570512e-01
5.755141513231749606e-01
6.031595081651960344e-01
6.313404336447669962e-01
6.600497275157659605e-01
6.892801076255890003e-01
7.190242005062910113e-01
7.492745331059840197e-01
7.800235256081170521e-01
8.112634852893430004e-01
8.429866013710679562e-01
8.751849408218660420e-01
9.078504450704130146e-01
